21075
20788
18256
17490
15129
13066
13044
12313
10529
9345
9232
9121
9108
8714
8370
8222
7979
7927
7677
7616
7430
7296
7222
7187
7155
7017
6935
6837
6453
6440
5920
5567
5554
5405
5315
5195
5192
5173
5127
5085
5079
5031
4994
4956
4902
4741
4716
4635
4626
4614
4539
4425
4412
4384
4280
4258
4169
4135
4108
4077
4003
3990
3955
3932
3924
3914
3913
3908
3895
3880
3869
3783
3764
3739
3715
3710
3693
3661
3654
3584
3519
3486
3482
3455
3430
3416
3400
3386
3349
3348
3330
3325
3269
3258
3236
3220
3159
3150
3133
3094
3084
3058
3024
3020
2993
2986
2915
2895
2878
2808
2807
2795
2736
2733
2729
2674
2670
2634
2629
2613
2602
2597
2597
2586
2584
2570
2569
2560
2542
2504
2486
2371
2371
2361
2324
2317
2277
2271
2222
2196
2188
2140
2126
2124
2108
2107
2101
2094
2085
2085
2080
2079
2069
2055
2055
2052
2039
2022
1999
1996
1969
1951
1935
1934
1929
1924
1900
1881
1862
1845
1843
1840
1837
1822
1813
1807
1773
1773
1769
1749
1749
1744
1735
1726
1725
1715
1713
1711
1709
1685
1682
1681
1674
1664
1664
1630
1625
1620
1619
1603
1602
1576
1559
1559
1552
1549
1546
1546
1522
1512
1509
1496
1478
1473
1462
1459
1455
1445
1445
1444
1438
1433
1430
1407
1406
1404
1402
1398
1396
1381
1373
1365
1359
1359
1351
1331
1327
1320
1319
1315
1313
1313
1308
1302
1296
1282
1282
1277
1265
1264
1252
1250
1238
1232
1231
1230
1229
1229
1224
1221
1220
1220
1212
1211
1206
1204
1195
1189
1175
1171
1167
1167
1161
1158
1158
1158
1135
1135
1128
1124
1120
1119
1109
1108
1103
1101
1100
1099
1090
1089
1086
1083
1074
1071
1071
1066
1062
1059
1057
1055
1050
1048
1045
1044
1042
1041
1039
1036
1033
1030
1029
1025
1024
1017
1015
1015
1014
1014
1014
1012
1007
1006
1003
992
985
983
982
976
970
970
968
963
963
950
950
947
947
944
944
943
939
938
938
932
931
926
926
925
924
911
902
899
893
890
890
890
887
873
869
868
866
866
862
858
851
849
844
844
844
840
839
834
829
827
825
825
813
811
811
806
806
804
804
803
802
795
794
794
791
789
786
784
781
773
773
771
770
768
763
762
761
758
755
754
750
750
744
743
737
735
735
731
730
730
729
727
725
724
722
721
715
715
714
711
704
704
704
702
701
701
700
699
699
697
696
694
693
692
691
690
688
688
686
685
684
683
683
683
681
676
675
668
667
667
663
662
660
659
659
659
658
658
657
657
653
651
651
649
647
647
647
646
645
642
641
636
635
634
630
626
625
625
622
620
620
616
613
612
610
605
605
605
604
602
601
599
598
598
595
595
594
593
592
591
589
587
587
586
584
583
577
576
572
572
572
572
571
570
569
567
567
567
564
563
563
563
561
560
560
558
557
556
553
552
550
550
549
548
545
544
544
542
542
540
540
539
539
537
536
535
534
530
526
522
520
520
520
519
519
516
515
515
514
510
509
508
507
506
506
502
502
501
499
499
496
495
494
494
493
493
489
489
487
484
481
481
480
480
479
478
477
477
476
474
474
471
471
470
468
467
464
462
461
459
459
459
457
456
455
454
454
454
453
451
451
448
448
448
446
446
446
445
445
444
443
443
443
443
442
442
440
440
440
439
439
437
437
437
437
436
436
435
435
434
434
433
433
433
433
432
431
431
430
430
430
430
430
430
428
428
427
427
427
426
426
423
422
422
422
422
421
421
418
417
417
416
416
415
414
414
413
412
409
409
409
409
407
406
405
404
404
402
401
401
401
401
401
399
397
396
395
394
394
392
392
392
392
391
391
388
387
386
386
385
385
384
383
382
382
381
380
380
378
376
374
373
372
372
371
371
370
370
369
368
367
367
366
366
365
365
364
364
363
362
359
359
359
359
359
358
358
357
356
355
355
354
354
354
354
353
353
353
353
352
352
352
351
351
351
351
351
350
349
349
347
346
346
346
346
345
345
345
345
345
344
344
343
342
342
342
341
341
340
337
337
337
336
336
336
336
335
335
334
333
333
332
332
331
331
330
330
328
328
327
327
327
326
326
325
324
323
323
322
322
322
321
321
320
319
316
316
316
314
313
313
312
312
310
310
310
310
308
307
306
305
305
305
305
303
303
301
301
300
300
299
299
299
298
298
298
297
297
297
296
295
295
295
294
294
294
293
293
293
293
292
292
292
291
291
291
290
290
289
288
287
287
287
286
286
286
286
286
285
285
284
283
283
282
282
281
281
281
281
280
280
280
279
279
279
279
279
279
278
278
278
277
277
276
275
274
274
274
273
273
272
272
272
272
271
270
269
269
269
269
269
267
267
267
266
266
266
266
265
265
264
264
264
264
264
263
263
263
263
263
263
263
262
261
261
261
261
261
261
260
258
258
258
256
256
256
256
255
255
255
254
254
253
253
253
253
253
253
252
252
252
252
251
251
251
251
250
250
250
250
249
249
249
249
249
248
247
247
246
246
246
246
246
246
245
245
244
244
243
243
243
243
242
242
242
241
241
241
241
241
240
240
240
240
240
239
239
239
239
238
238
238
237
237
237
236
236
236
236
235
235
235
235
235
235
235
235
234
234
234
234
234
234
233
233
232
232
232
232
232
232
231
231
231
231
230
230
230
230
230
229
229
228
228
227
227
227
226
226
226
225
225
225
224
224
224
223
223
223
223
222
222
222
221
221
221
221
221
220
219
218
218
218
218
218
217
217
217
217
216
216
216
216
216
215
215
215
214
214
214
214
213
213
213
212
212
212
212
212
211
210
210
210
210
209
208
208
208
208
208
208
208
207
207
207
207
207
207
207
206
206
206
206
206
206
206
205
205
205
205
205
205
204
204
204
204
203
203
203
203
202
202
202
202
202
201
201
201
201
201
201
201
201
201
201
200
200
200
199
199
199
199
199
199
198
198
198
197
197
197
197
197
197
197
197
196
196
196
196
196
196
196
196
196
196
195
195
195
195
195
195
195
195
195
194
194
193
193
193
193
192
192
192
192
192
192
192
191
191
191
190
190
190
190
189
189
189
188
188
188
188
188
188
187
187
187
187
187
187
186
186
186
186
186
185
185
185
185
185
185
184
184
184
184
183
183
182
182
182
181
181
181
181
181
181
181
180
180
180
179
179
179
179
179
179
179
179
179
179
179
179
178
178
178
178
178
178
178
178
177
177
177
176
176
176
176
176
176
175
175
175
175
175
174
174
174
174
174
174
173
173
173
173
172
172
172
172
172
172
172
171
171
171
171
171
171
170
170
170
170
170
170
170
170
170
170
170
170
170
169
169
169
169
169
168
168
168
168
168
168
167
167
167
167
167
167
167
166
166
166
166
166
166
165
165
164
164
164
164
164
164
164
163
163
163
162
162
162
162
162
162
161
161
161
161
160
160
160
160
160
160
160
160
159
159
159
159
159
159
158
158
158
157
157
157
157
157
157
157
157
156
156
156
156
156
155
155
155
154
154
154
154
154
154
153
153
153
153
153
153
152
152
152
152
152
152
152
151
151
151
151
151
151
151
150
150
150
150
150
149
149
149
149
149
149
149
149
149
148
148
148
148
148
148
147
147
147
147
147
147
146
146
146
146
146
146
146
146
146
145
145
145
145
145
145
144
144
144
144
144
144
144
144
144
144
144
143
143
143
143
142
142
142
142
142
142
142
141
141
141
141
141
141
141
141
141
141
141
141
141
141
140
140
140
140
140
139
139
139
139
139
138
138
138
138
138
137
137
137
137
136
136
136
136
136
136
136
135
135
135
135
135
135
135
135
135
135
134
134
134
134
134
134
134
134
133
133
133
133
133
133
133
133
133
133
133
133
133
133
132
132
132
132
132
132
132
132
132
132
132
132
131
131
131
131
131
131
131
131
131
131
131
131
130
130
130
130
130
130
130
130
130
130
129
129
129
129
129
129
129
129
129
128
128
128
128
128
128
127
127
127
127
127
127
127
127
127
127
126
126
126
126
126
126
126
126
126
126
126
126
126
125
125
125
125
125
124
124
124
124
123
123
123
123
123
123
123
123
123
122
122
122
122
122
122
122
122
121
121
121
121
121
121
121
120
120
120
120
120
120
120
120
120
120
120
120
120
120
120
119
119
119
119
119
119
119
119
119
119
119
118
118
118
118
118
118
117
117
117
117
117
117
117
117
117
117
117
116
116
116
116
116
116
116
116
116
116
116
116
115
115
115
115
115
115
115
115
115
115
115
115
114
114
114
114
114
114
114
114
113
113
113
113
113
113
113
113
113
113
113
113
113
113
113
112
112
112
112
112
112
112
112
112
112
112
112
112
112
112
111
111
111
111
111
111
111
111
111
111
111
111
111
110
110
110
110
110
110
110
110
110
109
109
109
109
109
109
109
109
109
109
109
109
109
109
109
109
109
108
108
108
108
108
108
108
108
108
108
108
107
107
107
107
107
107
107
107
107
107
107
107
107
107
107
107
106
106
106
106
106
106
105
105
105
105
105
105
105
105
105
105
105
105
105
105
105
105
105
105
105
104
104
104
104
104
104
104
104
103
103
103
103
103
103
103
103
103
102
102
102
102
102
102
102
102
102
102
102
102
101
101
101
101
101
101
101
101
101
101
101
101
101
101
101
101
101
101
100
100
100
100
100
100
100
100
100
100
100
100
99
99
99
99
99
99
99
99
99
99
99
99
99
98
98
98
98
98
98
98
98
98
97
97
97
97
97
97
97
97
97
97
97
97
97
96
96
96
96
96
96
96
96
96
96
96
96
96
96
96
96
96
96
96
95
95
95
95
95
95
95
95
95
95
94
94
94
94
94
94
94
94
94
94
94
94
94
94
94
94
94
94
94
94
94
94
94
93
93
93
93
93
93
93
93
93
93
93
93
93
92
92
92
92
92
92
92
92
92
92
92
92
92
92
92
92
92
92
92
92
92
91
91
91
91
91
91
91
91
90
90
90
90
90
90
90
90
90
90
90
90
90
90
90
90
90
89
89
89
89
89
89
89
89
89
89
89
89
89
89
89
88
88
88
88
88
88
88
88
88
88
88
88
88
88
88
87
87
87
87
87
87
87
87
87
87
87
87
87
87
87
87
87
86
86
86
86
86
86
86
86
86
86
86
86
86
86
86
86
86
86
85
85
85
85
85
85
85
85
85
85
85
85
85
85
85
85
85
85
84
84
84
84
84
84
84
84
84
84
84
84
84
84
84
84
84
84
84
84
84
84
84
84
83
83
83
83
83
83
83
83
83
83
83
83
83
83
83
83
83
83
83
83
83
83
83
83
83
83
83
83
83
83
83
82
82
82
82
82
82
82
82
82
82
82
82
82
82
82
82
81
81
81
81
81
81
81
81
81
81
81
81
81
81
81
81
81
81
81
81
81
81
81
80
80
80
80
80
80
80
80
80
80
80
80
80
80
80
80
80
80
80
80
80
80
79
79
79
79
79
79
79
79
79
79
79
79
79
79
79
78
78
78
78
78
78
78
78
78
78
78
78
78
78
78
78
78
78
78
78
78
77
77
77
77
77
77
77
77
77
77
77
77
77
77
77
77
77
77
76
76
76
76
76
76
76
76
76
76
76
76
76
76
76
76
76
76
76
76
76
76
75
75
75
75
75
75
75
75
75
75
75
75
75
75
75
75
75
75
75
75
75
75
75
75
75
75
75
74
74
74
74
74
74
74
74
74
74
74
74
74
74
74
74
74
74
74
74
74
74
74
74
74
74
73
73
73
73
73
73
73
73
73
73
73
73
73
73
73
73
73
73
73
73
73
73
73
73
73
72
72
72
72
72
72
72
72
72
72
72
72
72
72
72
72
72
72
72
72
72
72
72
72
72
72
72
72
72
71
71
71
71
71
71
71
71
71
71
71
71
71
71
71
71
71
71
71
71
71
71
71
71
71
71
71
70
70
70
70
70
70
70
70
70
70
70
70
70
70
70
70
70
70
70
70
70
70
70
70
70
70
70
69
69
69
69
69
69
69
69
69
69
69
69
69
69
69
69
69
69
69
69
69
69
69
69
69
69
69
69
68
68
68
68
68
68
68
68
68
68
68
68
68
68
68
68
68
68
68
68
68
68
68
68
68
67
67
67
67
67
67
67
67
67
67
67
67
67
67
67
67
67
67
67
67
67
67
67
67
67
67
67
67
66
66
66
66
66
66
66
66
66
66
66
66
66
66
66
66
66
66
66
66
66
66
66
66
66
66
66
66
66
66
66
66
66
66
66
66
65
65
65
65
65
65
65
65
65
65
65
65
65
65
65
65
65
65
65
65
65
64
64
64
64
64
64
64
64
64
64
64
64
64
64
64
64
64
64
64
64
64
64
64
64
64
64
64
64
64
64
63
63
63
63
63
63
63
63
63
63
63
63
63
63
63
63
63
63
63
63
63
63
63
63
63
63
62
62
62
62
62
62
62
62
62
62
62
62
62
62
62
62
62
62
62
62
62
62
62
62
62
62
62
62
62
62
62
62
62
62
62
62
62
61
61
61
61
61
61
61
61
61
61
61
61
61
61
61
61
61
61
61
61
61
61
61
61
61
61
61
61
61
61
61
61
61
61
61
61
61
61
61
61
61
61
61
60
60
60
60
60
60
60
60
60
60
60
60
60
60
60
60
60
60
60
60
60
60
60
60
60
60
60
60
60
60
60
60
60
60
59
59
59
59
59
59
59
59
59
59
59
59
59
59
59
59
59
59
59
59
59
59
59
59
59
59
59
59
58
58
58
58
58
58
58
58
58
58
58
58
58
58
58
58
58
58
58
58
58
58
58
58
58
58
58
58
58
58
58
58
58
58
58
58
58
57
57
57
57
57
57
57
57
57
57
57
57
57
57
57
57
57
57
57
57
57
57
57
57
57
57
57
57
57
57
57
56
56
56
56
56
56
56
56
56
56
56
56
56
56
56
56
56
56
56
56
56
56
56
56
56
56
56
56
56
56
56
56
56
56
56
56
56
56
56
56
56
56
55
55
55
55
55
55
55
55
55
55
55
55
55
55
55
55
55
55
55
55
55
55
55
55
55
55
55
55
55
55
55
55
54
54
54
54
54
54
54
54
54
54
54
54
54
54
54
54
54
54
54
54
54
54
54
54
54
54
54
54
54
54
54
54
54
54
54
54
53
53
53
53
53
53
53
53
53
53
53
53
53
53
53
53
53
53
53
53
53
53
53
53
53
53
53
53
53
53
53
53
53
53
53
53
53
53
53
53
53
53
52
52
52
52
52
52
52
52
52
52
52
52
52
52
52
52
52
52
52
52
52
52
52
52
52
52
52
52
52
52
52
52
52
52
52
52
52
52
52
52
52
52
51
51
51
51
51
51
51
51
51
51
51
51
51
51
51
51
51
51
51
51
51
51
51
51
51
51
51
51
51
51
51
51
51
51
51
51
51
51
51
51
51
51
51
51
51
51
51
51
51
51
50
50
50
50
50
50
50
50
50
50
50
50
50
50
50
50
50
50
50
50
50
50
50
50
50
50
50
50
50
50
50
50
50
50
50
50
50
50
50
50
50
50
50
50
50
50
50
50
50
50
49
49
49
49
49
49
49
49
49
49
49
49
49
49
49
49
49
49
49
49
49
49
49
49
49
49
49
49
49
49
49
49
49
49
49
49
49
49
49
49
49
49
49
49
49
49
49
48
48
48
48
48
48
48
48
48
48
48
48
48
48
48
48
48
48
48
48
48
48
48
48
48
48
48
48
48
48
48
48
48
48
48
48
48
48
48
48
48
48
48
48
48
47
47
47
47
47
47
47
47
47
47
47
47
47
47
47
47
47
47
47
47
47
47
47
47
47
47
47
47
47
47
47
47
47
47
47
47
47
47
47
47
47
47
47
47
47
46
46
46
46
46
46
46
46
46
46
46
46
46
46
46
46
46
46
46
46
46
46
46
46
46
46
46
46
46
46
46
46
46
46
46
46
46
46
46
46
46
46
46
46
46
46
46
46
46
46
46
46
46
46
46
45
45
45
45
45
45
45
45
45
45
45
45
45
45
45
45
45
45
45
45
45
45
45
45
45
45
45
45
45
45
45
45
45
45
45
45
45
45
45
45
45
45
45
45
45
45
45
45
45
45
45
45
45
44
44
44
44
44
44
44
44
44
44
44
44
44
44
44
44
44
44
44
44
44
44
44
44
44
44
44
44
44
44
44
44
44
44
44
44
44
44
44
44
44
44
44
44
44
44
44
44
44
44
44
44
44
44
44
44
44
43
43
43
43
43
43
43
43
43
43
43
43
43
43
43
43
43
43
43
43
43
43
43
43
43
43
43
43
43
43
43
43
43
43
43
43
43
43
43
43
43
43
43
43
43
43
43
43
43
43
43
43
43
43
43
43
43
43
43
43
42
42
42
42
42
42
42
42
42
42
42
42
42
42
42
42
42
42
42
42
42
42
42
42
42
42
42
42
42
42
42
42
42
42
42
42
42
42
42
42
42
42
42
42
42
42
42
42
42
42
42
42
42
42
42
42
42
42
42
41
41
41
41
41
41
41
41
41
41
41
41
41
41
41
41
41
41
41
41
41
41
41
41
41
41
41
41
41
41
41
41
41
41
41
41
41
41
41
41
41
41
41
41
41
41
41
41
41
41
41
41
41
41
41
41
41
41
41
41
41
41
41
41
41
41
41
41
41
41
41
41
41
41
40
40
40
40
40
40
40
40
40
40
40
40
40
40
40
40
40
40
40
40
40
40
40
40
40
40
40
40
40
40
40
40
40
40
40
40
40
40
40
40
40
40
40
40
40
40
40
40
40
40
40
40
40
40
40
40
40
40
40
40
40
40
40
40
40
40
40
40
40
40
40
40
40
39
39
39
39
39
39
39
39
39
39
39
39
39
39
39
39
39
39
39
39
39
39
39
39
39
39
39
39
39
39
39
39
39
39
39
39
39
39
39
39
39
39
39
39
39
39
39
39
39
39
39
39
39
39
39
39
39
39
39
39
39
39
39
39
39
39
39
39
39
39
39
39
39
38
38
38
38
38
38
38
38
38
38
38
38
38
38
38
38
38
38
38
38
38
38
38
38
38
38
38
38
38
38
38
38
38
38
38
38
38
38
38
38
38
38
38
38
38
38
38
38
38
38
38
38
38
38
38
38
38
38
38
38
38
38
38
38
38
38
38
38
38
38
38
38
38
38
38
38
38
38
38
38
38
38
38
37
37
37
37
37
37
37
37
37
37
37
37
37
37
37
37
37
37
37
37
37
37
37
37
37
37
37
37
37
37
37
37
37
37
37
37
37
37
37
37
37
37
37
37
37
37
37
37
37
37
37
37
37
37
37
37
37
37
37
37
37
37
37
37
37
37
37
37
37
37
37
37
37
37
37
37
37
37
37
37
37
36
36
36
36
36
36
36
36
36
36
36
36
36
36
36
36
36
36
36
36
36
36
36
36
36
36
36
36
36
36
36
36
36
36
36
36
36
36
36
36
36
36
36
36
36
36
36
36
36
36
36
36
36
36
36
36
36
36
36
36
36
36
36
36
36
36
36
36
36
35
35
35
35
35
35
35
35
35
35
35
35
35
35
35
35
35
35
35
35
35
35
35
35
35
35
35
35
35
35
35
35
35
35
35
35
35
35
35
35
35
35
35
35
35
35
35
35
35
35
35
35
35
35
35
35
35
35
35
35
35
35
35
35
35
35
35
35
35
35
35
35
35
35
35
35
35
35
35
35
35
35
35
35
35
35
35
35
35
35
35
35
34
34
34
34
34
34
34
34
34
34
34
34
34
34
34
34
34
34
34
34
34
34
34
34
34
34
34
34
34
34
34
34
34
34
34
34
34
34
34
34
34
34
34
34
34
34
34
34
34
34
34
34
34
34
34
34
34
34
34
34
34
34
34
34
34
34
34
34
34
34
34
34
34
34
34
34
34
34
34
34
34
34
34
34
34
34
34
34
34
34
34
34
34
34
34
34
34
33
33
33
33
33
33
33
33
33
33
33
33
33
33
33
33
33
33
33
33
33
33
33
33
33
33
33
33
33
33
33
33
33
33
33
33
33
33
33
33
33
33
33
33
33
33
33
33
33
33
33
33
33
33
33
33
33
33
33
33
33
33
33
33
33
33
33
33
33
33
33
33
33
33
33
33
33
33
33
33
33
33
33
33
33
33
33
33
33
33
32
32
32
32
32
32
32
32
32
32
32
32
32
32
32
32
32
32
32
32
32
32
32
32
32
32
32
32
32
32
32
32
32
32
32
32
32
32
32
32
32
32
32
32
32
32
32
32
32
32
32
32
32
32
32
32
32
32
32
32
32
32
32
32
32
32
32
32
32
32
32
32
32
32
32
32
32
32
32
32
32
32
32
32
32
32
32
32
32
32
32
32
32
32
32
32
32
32
32
32
31
31
31
31
31
31
31
31
31
31
31
31
31
31
31
31
31
31
31
31
31
31
31
31
31
31
31
31
31
31
31
31
31
31
31
31
31
31
31
31
31
31
31
31
31
31
31
31
31
31
31
31
31
31
31
31
31
31
31
31
31
31
31
31
31
31
31
31
31
31
31
31
31
31
31
31
31
31
31
31
31
31
31
31
31
31
31
31
31
31
31
31
31
31
31
31
31
31
31
31
31
31
31
31
31
31
31
30
30
30
30
30
30
30
30
30
30
30
30
30
30
30
30
30
30
30
30
30
30
30
30
30
30
30
30
30
30
30
30
30
30
30
30
30
30
30
30
30
30
30
30
30
30
30
30
30
30
30
30
30
30
30
30
30
30
30
30
30
30
30
30
30
30
30
30
30
30
30
30
30
30
30
30
30
30
30
30
30
30
30
30
30
30
30
30
30
30
30
30
30
30
30
30
30
30
30
30
30
30
30
30
30
30
30
30
30
30
30
29
29
29
29
29
29
29
29
29
29
29
29
29
29
29
29
29
29
29
29
29
29
29
29
29
29
29
29
29
29
29
29
29
29
29
29
29
29
29
29
29
29
29
29
29
29
29
29
29
29
29
29
29
29
29
29
29
29
29
29
29
29
29
29
29
29
29
29
29
29
29
29
29
29
29
29
29
29
29
29
29
29
29
29
29
29
29
29
29
29
29
29
29
29
29
29
29
29
29
29
29
29
29
29
29
29
29
29
29
29
29
29
29
29
29
29
28
28
28
28
28
28
28
28
28
28
28
28
28
28
28
28
28
28
28
28
28
28
28
28
28
28
28
28
28
28
28
28
28
28
28
28
28
28
28
28
28
28
28
28
28
28
28
28
28
28
28
28
28
28
28
28
28
28
28
28
28
28
28
28
28
28
28
28
28
28
28
28
28
28
28
28
28
28
28
28
28
28
28
28
28
28
28
28
28
28
28
28
28
28
28
28
28
28
28
28
28
28
28
28
28
28
28
28
28
28
28
28
28
28
28
28
28
28
28
28
28
28
28
28
28
28
28
28
28
28
28
28
28
28
28
28
28
28
27
27
27
27
27
27
27
27
27
27
27
27
27
27
27
27
27
27
27
27
27
27
27
27
27
27
27
27
27
27
27
27
27
27
27
27
27
27
27
27
27
27
27
27
27
27
27
27
27
27
27
27
27
27
27
27
27
27
27
27
27
27
27
27
27
27
27
27
27
27
27
27
27
27
27
27
27
27
27
27
27
27
27
27
27
27
27
27
27
27
27
27
27
27
27
27
27
27
27
27
27
27
27
27
27
27
27
27
27
27
27
27
27
27
27
27
27
27
27
27
27
27
27
27
27
27
27
27
27
27
27
27
27
27
27
26
26
26
26
26
26
26
26
26
26
26
26
26
26
26
26
26
26
26
26
26
26
26
26
26
26
26
26
26
26
26
26
26
26
26
26
26
26
26
26
26
26
26
26
26
26
26
26
26
26
26
26
26
26
26
26
26
26
26
26
26
26
26
26
26
26
26
26
26
26
26
26
26
26
26
26
26
26
26
26
26
26
26
26
26
26
26
26
26
26
26
26
26
26
26
26
26
26
26
26
26
26
26
26
26
26
26
26
26
26
26
26
26
26
26
26
26
26
26
26
26
26
26
26
26
26
26
26
26
26
26
26
26
26
26
26
26
26
26
26
26
26
26
26
26
26
26
26
26
26
26
26
26
26
26
26
26
26
26
26
26
26
26
26
26
26
26
26
26
26
26
26
25
25
25
25
25
25
25
25
25
25
25
25
25
25
25
25
25
25
25
25
25
25
25
25
25
25
25
25
25
25
25
25
25
25
25
25
25
25
25
25
25
25
25
25
25
25
25
25
25
25
25
25
25
25
25
25
25
25
25
25
25
25
25
25
25
25
25
25
25
25
25
25
25
25
25
25
25
25
25
25
25
25
25
25
25
25
25
25
25
25
25
25
25
25
25
25
25
25
25
25
25
25
25
25
25
25
25
25
25
25
25
25
25
25
25
25
25
25
25
25
25
25
25
25
25
25
25
25
25
25
25
25
25
25
25
25
25
25
25
25
25
25
25
25
25
25
25
25
25
25
25
25
25
25
25
25
25
25
25
25
25
25
25
25
25
25
25
25
25
25
25
25
24
24
24
24
24
24
24
24
24
24
24
24
24
24
24
24
24
24
24
24
24
24
24
24
24
24
24
24
24
24
24
24
24
24
24
24
24
24
24
24
24
24
24
24
24
24
24
24
24
24
24
24
24
24
24
24
24
24
24
24
24
24
24
24
24
24
24
24
24
24
24
24
24
24
24
24
24
24
24
24
24
24
24
24
24
24
24
24
24
24
24
24
24
24
24
24
24
24
24
24
24
24
24
24
24
24
24
24
24
24
24
24
24
24
24
24
24
24
24
24
24
24
24
24
24
24
24
24
24
24
24
24
24
24
24
24
24
24
24
24
24
24
24
24
24
24
24
24
24
24
24
24
23
23
23
23
23
23
23
23
23
23
23
23
23
23
23
23
23
23
23
23
23
23
23
23
23
23
23
23
23
23
23
23
23
23
23
23
23
23
23
23
23
23
23
23
23
23
23
23
23
23
23
23
23
23
23
23
23
23
23
23
23
23
23
23
23
23
23
23
23
23
23
23
23
23
23
23
23
23
23
23
23
23
23
23
23
23
23
23
23
23
23
23
23
23
23
23
23
23
23
23
23
23
23
23
23
23
23
23
23
23
23
23
23
23
23
23
23
23
23
23
23
23
23
23
23
23
23
23
23
23
23
23
23
23
23
23
23
23
23
23
23
23
23
23
23
23
23
23
23
23
23
23
23
23
23
23
23
23
23
23
23
23
23
23
23
23
23
23
23
23
23
23
23
23
23
23
23
23
23
23
23
23
23
23
23
23
23
22
22
22
22
22
22
22
22
22
22
22
22
22
22
22
22
22
22
22
22
22
22
22
22
22
22
22
22
22
22
22
22
22
22
22
22
22
22
22
22
22
22
22
22
22
22
22
22
22
22
22
22
22
22
22
22
22
22
22
22
22
22
22
22
22
22
22
22
22
22
22
22
22
22
22
22
22
22
22
22
22
22
22
22
22
22
22
22
22
22
22
22
22
22
22
22
22
22
22
22
22
22
22
22
22
22
22
22
22
22
22
22
22
22
22
22
22
22
22
22
22
22
22
22
22
22
22
22
22
22
22
22
22
22
22
22
22
22
22
22
22
22
22
22
22
22
22
22
22
22
22
22
22
22
22
22
22
22
22
22
22
22
22
22
22
22
22
22
22
22
22
22
22
22
22
22
22
22
22
22
22
22
22
22
22
22
22
22
22
21
21
21
21
21
21
21
21
21
21
21
21
21
21
21
21
21
21
21
21
21
21
21
21
21
21
21
21
21
21
21
21
21
21
21
21
21
21
21
21
21
21
21
21
21
21
21
21
21
21
21
21
21
21
21
21
21
21
21
21
21
21
21
21
21
21
21
21
21
21
21
21
21
21
21
21
21
21
21
21
21
21
21
21
21
21
21
21
21
21
21
21
21
21
21
21
21
21
21
21
21
21
21
21
21
21
21
21
21
21
21
21
21
21
21
21
21
21
21
21
21
21
21
21
21
21
21
21
21
21
21
21
21
21
21
21
21
21
21
21
21
21
21
21
21
21
21
21
21
21
21
21
21
21
21
21
21
21
21
21
21
21
21
21
21
21
21
21
21
21
21
21
21
21
21
21
21
21
21
21
21
21
21
21
21
21
21
21
21
21
21
21
21
21
21
21
21
21
21
21
21
21
21
21
21
21
21
21
21
21
21
21
21
21
21
21
21
21
21
21
21
21
21
21
21
21
21
20
20
20
20
20
20
20
20
20
20
20
20
20
20
20
20
20
20
20
20
20
20
20
20
20
20
20
20
20
20
20
20
20
20
20
20
20
20
20
20
20
20
20
20
20
20
20
20
20
20
20
20
20
20
20
20
20
20
20
20
20
20
20
20
20
20
20
20
20
20
20
20
20
20
20
20
20
20
20
20
20
20
20
20
20
20
20
20
20
20
20
20
20
20
20
20
20
20
20
20
20
20
20
20
20
20
20
20
20
20
20
20
20
20
20
20
20
20
20
20
20
20
20
20
20
20
20
20
20
20
20
20
20
20
20
20
20
20
20
20
20
20
20
20
20
20
20
20
20
20
20
20
20
20
20
20
20
20
20
20
20
20
20
20
20
20
20
20
20
20
20
20
20
20
20
20
20
20
20
20
20
20
20
20
20
20
20
20
20
20
20
20
20
20
20
20
20
20
20
20
20
20
19
19
19
19
19
19
19
19
19
19
19
19
19
19
19
19
19
19
19
19
19
19
19
19
19
19
19
19
19
19
19
19
19
19
19
19
19
19
19
19
19
19
19
19
19
19
19
19
19
19
19
19
19
19
19
19
19
19
19
19
19
19
19
19
19
19
19
19
19
19
19
19
19
19
19
19
19
19
19
19
19
19
19
19
19
19
19
19
19
19
19
19
19
19
19
19
19
19
19
19
19
19
19
19
19
19
19
19
19
19
19
19
19
19
19
19
19
19
19
19
19
19
19
19
19
19
19
19
19
19
19
19
19
19
19
19
19
19
19
19
19
19
19
19
19
19
19
19
19
19
19
19
19
19
19
19
19
19
19
19
19
19
19
19
19
19
19
19
19
19
19
19
19
19
19
19
19
19
19
19
19
19
19
19
19
19
19
19
19
19
19
19
19
19
19
19
19
19
19
19
19
19
19
19
19
19
19
19
19
19
19
19
19
19
19
19
19
19
19
19
19
19
19
19
19
19
19
19
19
19
19
19
19
19
19
19
19
19
19
19
19
19
19
19
19
19
19
19
19
19
19
19
19
19
19
19
19
19
19
19
19
19
19
19
19
19
19
19
19
18
18
18
18
18
18
18
18
18
18
18
18
18
18
18
18
18
18
18
18
18
18
18
18
18
18
18
18
18
18
18
18
18
18
18
18
18
18
18
18
18
18
18
18
18
18
18
18
18
18
18
18
18
18
18
18
18
18
18
18
18
18
18
18
18
18
18
18
18
18
18
18
18
18
18
18
18
18
18
18
18
18
18
18
18
18
18
18
18
18
18
18
18
18
18
18
18
18
18
18
18
18
18
18
18
18
18
18
18
18
18
18
18
18
18
18
18
18
18
18
18
18
18
18
18
18
18
18
18
18
18
18
18
18
18
18
18
18
18
18
18
18
18
18
18
18
18
18
18
18
18
18
18
18
18
18
18
18
18
18
18
18
18
18
18
18
18
18
18
18
18
18
18
18
18
18
18
18
18
18
18
18
18
18
18
18
18
18
18
18
18
18
18
18
18
18
18
18
18
18
18
18
18
18
18
18
18
18
18
18
18
18
18
18
18
18
18
18
18
18
18
18
18
18
18
18
18
18
18
18
18
18
18
18
18
18
18
18
18
18
18
18
18
18
18
18
18
18
18
18
18
18
18
18
18
18
18
18
18
18
18
18
18
18
18
18
18
18
18
18
18
18
18
18
18
18
18
18
18
18
18
18
18
18
18
18
18
18
18
18
18
18
18
18
18
18
17
17
17
17
17
17
17
17
17
17
17
17
17
17
17
17
17
17
17
17
17
17
17
17
17
17
17
17
17
17
17
17
17
17
17
17
17
17
17
17
17
17
17
17
17
17
17
17
17
17
17
17
17
17
17
17
17
17
17
17
17
17
17
17
17
17
17
17
17
17
17
17
17
17
17
17
17
17
17
17
17
17
17
17
17
17
17
17
17
17
17
17
17
17
17
17
17
17
17
17
17
17
17
17
17
17
17
17
17
17
17
17
17
17
17
17
17
17
17
17
17
17
17
17
17
17
17
17
17
17
17
17
17
17
17
17
17
17
17
17
17
17
17
17
17
17
17
17
17
17
17
17
17
17
17
17
17
17
17
17
17
17
17
17
17
17
17
17
17
17
17
17
17
17
17
17
17
17
17
17
17
17
17
17
17
17
17
17
17
17
17
17
17
17
17
17
17
17
17
17
17
17
17
17
17
17
17
17
17
17
17
17
17
17
17
17
17
17
17
17
17
17
17
17
17
17
17
17
17
17
17
17
17
17
17
17
17
17
17
17
17
17
17
17
17
17
17
17
17
17
17
17
17
17
17
17
17
17
17
17
17
17
17
17
17
17
17
17
17
17
17
17
17
17
17
17
17
17
17
17
17
17
17
17
17
17
17
17
17
17
17
17
17
17
17
17
17
17
17
17
17
17
17
17
17
17
17
17
17
17
17
17
17
17
17
17
17
17
17
17
17
17
17
17
17
17
17
17
17
17
17
17
17
17
17
17
17
17
17
17
17
16
16
16
16
16
16
16
16
16
16
16
16
16
16
16
16
16
16
16
16
16
16
16
16
16
16
16
16
16
16
16
16
16
16
16
16
16
16
16
16
16
16
16
16
16
16
16
16
16
16
16
16
16
16
16
16
16
16
16
16
16
16
16
16
16
16
16
16
16
16
16
16
16
16
16
16
16
16
16
16
16
16
16
16
16
16
16
16
16
16
16
16
16
16
16
16
16
16
16
16
16
16
16
16
16
16
16
16
16
16
16
16
16
16
16
16
16
16
16
16
16
16
16
16
16
16
16
16
16
16
16
16
16
16
16
16
16
16
16
16
16
16
16
16
16
16
16
16
16
16
16
16
16
16
16
16
16
16
16
16
16
16
16
16
16
16
16
16
16
16
16
16
16
16
16
16
16
16
16
16
16
16
16
16
16
16
16
16
16
16
16
16
16
16
16
16
16
16
16
16
16
16
16
16
16
16
16
16
16
16
16
16
16
16
16
16
16
16
16
16
16
16
16
16
16
16
16
16
16
16
16
16
16
16
16
16
16
16
16
16
16
16
16
16
16
16
16
16
16
16
16
16
16
16
16
16
16
16
16
16
16
16
16
16
16
16
16
16
16
16
16
16
16
16
16
16
16
16
16
16
16
16
16
16
16
16
16
16
16
16
16
16
16
16
16
16
16
16
16
16
16
16
16
16
16
16
16
16
16
16
16
16
16
16
16
16
16
16
16
16
16
16
16
16
16
16
16
16
16
16
16
16
16
16
16
16
16
16
16
16
16
16
16
16
16
16
16
16
16
16
16
16
16
16
16
16
16
16
16
16
16
16
16
16
15
15
15
15
15
15
15
15
15
15
15
15
15
15
15
15
15
15
15
15
15
15
15
15
15
15
15
15
15
15
15
15
15
15
15
15
15
15
15
15
15
15
15
15
15
15
15
15
15
15
15
15
15
15
15
15
15
15
15
15
15
15
15
15
15
15
15
15
15
15
15
15
15
15
15
15
15
15
15
15
15
15
15
15
15
15
15
15
15
15
15
15
15
15
15
15
15
15
15
15
15
15
15
15
15
15
15
15
15
15
15
15
15
15
15
15
15
15
15
15
15
15
15
15
15
15
15
15
15
15
15
15
15
15
15
15
15
15
15
15
15
15
15
15
15
15
15
15
15
15
15
15
15
15
15
15
15
15
15
15
15
15
15
15
15
15
15
15
15
15
15
15
15
15
15
15
15
15
15
15
15
15
15
15
15
15
15
15
15
15
15
15
15
15
15
15
15
15
15
15
15
15
15
15
15
15
15
15
15
15
15
15
15
15
15
15
15
15
15
15
15
15
15
15
15
15
15
15
15
15
15
15
15
15
15
15
15
15
15
15
15
15
15
15
15
15
15
15
15
15
15
15
15
15
15
15
15
15
15
15
15
15
15
15
15
15
15
15
15
15
15
15
15
15
15
15
15
15
15
15
15
15
15
15
15
15
15
15
15
15
15
15
15
15
15
15
15
15
15
15
15
15
15
15
15
15
15
15
15
15
15
15
15
15
15
15
15
15
15
15
15
15
15
15
15
15
15
15
15
15
15
15
15
15
15
15
15
15
15
15
15
15
15
15
15
15
15
15
15
15
15
15
15
15
15
15
15
15
15
15
15
15
15
15
15
15
15
15
15
15
15
15
15
15
15
15
15
15
15
15
15
15
15
15
15
14
14
14
14
14
14
14
14
14
14
14
14
14
14
14
14
14
14
14
14
14
14
14
14
14
14
14
14
14
14
14
14
14
14
14
14
14
14
14
14
14
14
14
14
14
14
14
14
14
14
14
14
14
14
14
14
14
14
14
14
14
14
14
14
14
14
14
14
14
14
14
14
14
14
14
14
14
14
14
14
14
14
14
14
14
14
14
14
14
14
14
14
14
14
14
14
14
14
14
14
14
14
14
14
14
14
14
14
14
14
14
14
14
14
14
14
14
14
14
14
14
14
14
14
14
14
14
14
14
14
14
14
14
14
14
14
14
14
14
14
14
14
14
14
14
14
14
14
14
14
14
14
14
14
14
14
14
14
14
14
14
14
14
14
14
14
14
14
14
14
14
14
14
14
14
14
14
14
14
14
14
14
14
14
14
14
14
14
14
14
14
14
14
14
14
14
14
14
14
14
14
14
14
14
14
14
14
14
14
14
14
14
14
14
14
14
14
14
14
14
14
14
14
14
14
14
14
14
14
14
14
14
14
14
14
14
14
14
14
14
14
14
14
14
14
14
14
14
14
14
14
14
14
14
14
14
14
14
14
14
14
14
14
14
14
14
14
14
14
14
14
14
14
14
14
14
14
14
14
14
14
14
14
14
14
14
14
14
14
14
14
14
14
14
14
14
14
14
14
14
14
14
14
14
14
14
14
14
14
14
14
14
14
14
14
14
14
14
14
14
14
14
14
14
14
14
14
14
14
14
14
14
14
14
14
14
14
14
14
14
14
14
14
14
14
14
14
14
14
14
14
14
14
14
14
14
14
14
14
14
14
14
14
14
14
14
14
14
14
14
14
14
14
14
14
14
14
14
14
14
14
14
14
14
14
14
14
14
14
14
14
14
14
14
14
14
14
14
14
14
14
14
14
14
14
14
14
14
14
14
14
14
14
14
14
14
14
14
14
14
14
14
14
14
14
14
14
14
14
14
13
13
13
13
13
13
13
13
13
13
13
13
13
13
13
13
13
13
13
13
13
13
13
13
13
13
13
13
13
13
13
13
13
13
13
13
13
13
13
13
13
13
13
13
13
13
13
13
13
13
13
13
13
13
13
13
13
13
13
13
13
13
13
13
13
13
13
13
13
13
13
13
13
13
13
13
13
13
13
13
13
13
13
13
13
13
13
13
13
13
13
13
13
13
13
13
13
13
13
13
13
13
13
13
13
13
13
13
13
13
13
13
13
13
13
13
13
13
13
13
13
13
13
13
13
13
13
13
13
13
13
13
13
13
13
13
13
13
13
13
13
13
13
13
13
13
13
13
13
13
13
13
13
13
13
13
13
13
13
13
13
13
13
13
13
13
13
13
13
13
13
13
13
13
13
13
13
13
13
13
13
13
13
13
13
13
13
13
13
13
13
13
13
13
13
13
13
13
13
13
13
13
13
13
13
13
13
13
13
13
13
13
13
13
13
13
13
13
13
13
13
13
13
13
13
13
13
13
13
13
13
13
13
13
13
13
13
13
13
13
13
13
13
13
13
13
13
13
13
13
13
13
13
13
13
13
13
13
13
13
13
13
13
13
13
13
13
13
13
13
13
13
13
13
13
13
13
13
13
13
13
13
13
13
13
13
13
13
13
13
13
13
13
13
13
13
13
13
13
13
13
13
13
13
13
13
13
13
13
13
13
13
13
13
13
13
13
13
13
13
13
13
13
13
13
13
13
13
13
13
13
13
13
13
13
13
13
13
13
13
13
13
13
13
13
13
13
13
13
13
13
13
13
13
13
13
13
13
13
13
13
13
13
13
13
13
13
13
13
13
13
13
13
13
13
13
13
13
13
13
13
13
13
13
13
13
13
13
13
13
13
13
13
13
13
13
13
13
13
13
13
13
13
13
13
13
13
13
13
13
13
13
13
13
13
13
13
13
13
13
13
13
13
13
13
13
13
13
13
13
13
13
13
13
13
13
13
13
13
13
13
13
13
13
13
13
13
13
13
13
13
13
13
13
13
13
13
13
13
13
13
13
13
13
13
13
13
13
13
13
12
12
12
12
12
12
12
12
12
12
12
12
12
12
12
12
12
12
12
12
12
12
12
12
12
12
12
12
12
12
12
12
12
12
12
12
12
12
12
12
12
12
12
12
12
12
12
12
12
12
12
12
12
12
12
12
12
12
12
12
12
12
12
12
12
12
12
12
12
12
12
12
12
12
12
12
12
12
12
12
12
12
12
12
12
12
12
12
12
12
12
12
12
12
12
12
12
12
12
12
12
12
12
12
12
12
12
12
12
12
12
12
12
12
12
12
12
12
12
12
12
12
12
12
12
12
12
12
12
12
12
12
12
12
12
12
12
12
12
12
12
12
12
12
12
12
12
12
12
12
12
12
12
12
12
12
12
12
12
12
12
12
12
12
12
12
12
12
12
12
12
12
12
12
12
12
12
12
12
12
12
12
12
12
12
12
12
12
12
12
12
12
12
12
12
12
12
12
12
12
12
12
12
12
12
12
12
12
12
12
12
12
12
12
12
12
12
12
12
12
12
12
12
12
12
12
12
12
12
12
12
12
12
12
12
12
12
12
12
12
12
12
12
12
12
12
12
12
12
12
12
12
12
12
12
12
12
12
12
12
12
12
12
12
12
12
12
12
12
12
12
12
12
12
12
12
12
12
12
12
12
12
12
12
12
12
12
12
12
12
12
12
12
12
12
12
12
12
12
12
12
12
12
12
12
12
12
12
12
12
12
12
12
12
12
12
12
12
12
12
12
12
12
12
12
12
12
12
12
12
12
12
12
12
12
12
12
12
12
12
12
12
12
12
12
12
12
12
12
12
12
12
12
12
12
12
12
12
12
12
12
12
12
12
12
12
12
12
12
12
12
12
12
12
12
12
12
12
12
12
12
12
12
12
12
12
12
12
12
12
12
12
12
12
12
12
12
12
12
12
12
12
12
12
12
12
12
12
12
12
12
12
12
12
12
12
12
12
12
12
12
12
12
12
12
12
12
12
12
12
12
12
12
12
12
12
12
12
12
12
12
12
12
12
12
12
12
12
12
12
12
12
12
12
12
12
12
12
12
12
12
12
12
12
12
12
12
12
12
12
12
12
12
12
12
12
12
12
12
12
12
12
12
12
12
12
12
12
12
12
12
12
12
12
12
12
12
12
12
12
12
12
12
12
12
12
12
12
12
12
12
12
12
12
12
12
12
12
12
12
12
12
12
12
12
12
12
12
12
12
12
12
12
12
12
12
12
12
12
12
12
12
12
12
12
12
12
12
12
12
12
12
12
12
12
12
12
12
12
12
12
12
12
12
12
12
12
12
12
12
12
12
12
12
12
12
12
12
12
12
12
12
12
11
11
11
11
11
11
11
11
11
11
11
11
11
11
11
11
11
11
11
11
11
11
11
11
11
11
11
11
11
11
11
11
11
11
11
11
11
11
11
11
11
11
11
11
11
11
11
11
11
11
11
11
11
11
11
11
11
11
11
11
11
11
11
11
11
11
11
11
11
11
11
11
11
11
11
11
11
11
11
11
11
11
11
11
11
11
11
11
11
11
11
11
11
11
11
11
11
11
11
11
11
11
11
11
11
11
11
11
11
11
11
11
11
11
11
11
11
11
11
11
11
11
11
11
11
11
11
11
11
11
11
11
11
11
11
11
11
11
11
11
11
11
11
11
11
11
11
11
11
11
11
11
11
11
11
11
11
11
11
11
11
11
11
11
11
11
11
11
11
11
11
11
11
11
11
11
11
11
11
11
11
11
11
11
11
11
11
11
11
11
11
11
11
11
11
11
11
11
11
11
11
11
11
11
11
11
11
11
11
11
11
11
11
11
11
11
11
11
11
11
11
11
11
11
11
11
11
11
11
11
11
11
11
11
11
11
11
11
11
11
11
11
11
11
11
11
11
11
11
11
11
11
11
11
11
11
11
11
11
11
11
11
11
11
11
11
11
11
11
11
11
11
11
11
11
11
11
11
11
11
11
11
11
11
11
11
11
11
11
11
11
11
11
11
11
11
11
11
11
11
11
11
11
11
11
11
11
11
11
11
11
11
11
11
11
11
11
11
11
11
11
11
11
11
11
11
11
11
11
11
11
11
11
11
11
11
11
11
11
11
11
11
11
11
11
11
11
11
11
11
11
11
11
11
11
11
11
11
11
11
11
11
11
11
11
11
11
11
11
11
11
11
11
11
11
11
11
11
11
11
11
11
11
11
11
11
11
11
11
11
11
11
11
11
11
11
11
11
11
11
11
11
11
11
11
11
11
11
11
11
11
11
11
11
11
11
11
11
11
11
11
11
11
11
11
11
11
11
11
11
11
11
11
11
11
11
11
11
11
11
11
11
11
11
11
11
11
11
11
11
11
11
11
11
11
11
11
11
11
11
11
11
11
11
11
11
11
11
11
11
11
11
11
11
11
11
11
11
11
11
11
11
11
11
11
11
11
11
11
11
11
11
11
11
11
11
11
11
11
11
11
11
11
11
11
11
11
11
11
11
11
11
11
11
11
11
11
11
11
11
11
11
11
11
11
11
11
11
11
11
11
11
11
11
11
11
11
11
11
11
11
11
11
11
11
11
11
11
11
11
11
11
11
11
11
11
11
11
11
11
11
11
11
11
11
11
11
11
11
11
11
11
11
11
11
11
11
11
11
11
11
11
11
11
11
11
11
11
11
11
11
11
11
11
11
11
11
11
11
11
11
11
10
10
10
10
10
10
10
10
10
10
10
10
10
10
10
10
10
10
10
10
10
10
10
10
10
10
10
10
10
10
10
10
10
10
10
10
10
10
10
10
10
10
10
10
10
10
10
10
10
10
10
10
10
10
10
10
10
10
10
10
10
10
10
10
10
10
10
10
10
10
10
10
10
10
10
10
10
10
10
10
10
10
10
10
10
10
10
10
10
10
10
10
10
10
10
10
10
10
10
10
10
10
10
10
10
10
10
10
10
10
10
10
10
10
10
10
10
10
10
10
10
10
10
10
10
10
10
10
10
10
10
10
10
10
10
10
10
10
10
10
10
10
10
10
10
10
10
10
10
10
10
10
10
10
10
10
10
10
10
10
10
10
10
10
10
10
10
10
10
10
10
10
10
10
10
10
10
10
10
10
10
10
10
10
10
10
10
10
10
10
10
10
10
10
10
10
10
10
10
10
10
10
10
10
10
10
10
10
10
10
10
10
10
10
10
10
10
10
10
10
10
10
10
10
10
10
10
10
10
10
10
10
10
10
10
10
10
10
10
10
10
10
10
10
10
10
10
10
10
10
10
10
10
10
10
10
10
10
10
10
10
10
10
10
10
10
10
10
10
10
10
10
10
10
10
10
10
10
10
10
10
10
10
10
10
10
10
10
10
10
10
10
10
10
10
10
10
10
10
10
10
10
10
10
10
10
10
10
10
10
10
10
10
10
10
10
10
10
10
10
10
10
10
10
10
10
10
10
10
10
10
10
10
10
10
10
10
10
10
10
10
10
10
10
10
10
10
10
10
10
10
10
10
10
10
10
10
10
10
10
10
10
10
10
10
10
10
10
10
10
10
10
10
10
10
10
10
10
10
10
10
10
10
10
10
10
10
10
10
10
10
10
10
10
10
10
10
10
10
10
10
10
10
10
10
10
10
10
10
10
10
10
10
10
10
10
10
10
10
10
10
10
10
10
10
10
10
10
10
10
10
10
10
10
10
10
10
10
10
10
10
10
10
10
10
10
10
10
10
10
10
10
10
10
10
10
10
10
10
10
10
10
10
10
10
10
10
10
10
10
10
10
10
10
10
10
10
10
10
10
10
10
10
10
10
10
10
10
10
10
10
10
10
10
10
10
10
10
10
10
10
10
10
10
10
10
10
10
10
10
10
10
10
10
10
10
10
10
10
10
10
10
10
10
10
10
10
10
10
10
10
10
10
10
10
10
10
10
10
10
10
10
10
10
10
10
10
10
10
10
10
10
10
10
10
10
10
10
10
10
10
10
10
10
10
10
10
10
10
10
10
10
10
10
10
10
10
10
10
10
10
10
10
10
10
10
10
10
10
10
10
10
10
10
10
10
10
10
10
10
10
10
10
10
10
10
10
10
10
10
10
10
10
10
10
10
10
10
10
10
10
10
10
10
10
10
10
10
10
10
10
10
10
10
10
10
10
10
10
10
10
10
10
10
10
10
10
10
10
10
10
10
10
10
10
10
10
10
10
10
10
10
10
10
10
10
10
10
10
10
10
10
10
10
10
10
10
10
10
10
10
10
10
10
10
10
10
10
10
10
10
10
10
10
10
10
10
10
10
10
10
10
10
10
10
10
10
10
10
10
10
10
10
10
10
10
10
10
10
10
10
10
10
10
10
10
10
10
10
10
10
10
10
10
10
10
10
10
10
10
10
10
10
10
10
10
10
10
10
10
10
10
10
10
10
10
10
10
10
10
10
10
10
9
9
9
9
9
9
9
9
9
9
9
9
9
9
9
9
9
9
9
9
9
9
9
9
9
9
9
9
9
9
9
9
9
9
9
9
9
9
9
9
9
9
9
9
9
9
9
9
9
9
9
9
9
9
9
9
9
9
9
9
9
9
9
9
9
9
9
9
9
9
9
9
9
9
9
9
9
9
9
9
9
9
9
9
9
9
9
9
9
9
9
9
9
9
9
9
9
9
9
9
9
9
9
9
9
9
9
9
9
9
9
9
9
9
9
9
9
9
9
9
9
9
9
9
9
9
9
9
9
9
9
9
9
9
9
9
9
9
9
9
9
9
9
9
9
9
9
9
9
9
9
9
9
9
9
9
9
9
9
9
9
9
9
9
9
9
9
9
9
9
9
9
9
9
9
9
9
9
9
9
9
9
9
9
9
9
9
9
9
9
9
9
9
9
9
9
9
9
9
9
9
9
9
9
9
9
9
9
9
9
9
9
9
9
9
9
9
9
9
9
9
9
9
9
9
9
9
9
9
9
9
9
9
9
9
9
9
9
9
9
9
9
9
9
9
9
9
9
9
9
9
9
9
9
9
9
9
9
9
9
9
9
9
9
9
9
9
9
9
9
9
9
9
9
9
9
9
9
9
9
9
9
9
9
9
9
9
9
9
9
9
9
9
9
9
9
9
9
9
9
9
9
9
9
9
9
9
9
9
9
9
9
9
9
9
9
9
9
9
9
9
9
9
9
9
9
9
9
9
9
9
9
9
9
9
9
9
9
9
9
9
9
9
9
9
9
9
9
9
9
9
9
9
9
9
9
9
9
9
9
9
9
9
9
9
9
9
9
9
9
9
9
9
9
9
9
9
9
9
9
9
9
9
9
9
9
9
9
9
9
9
9
9
9
9
9
9
9
9
9
9
9
9
9
9
9
9
9
9
9
9
9
9
9
9
9
9
9
9
9
9
9
9
9
9
9
9
9
9
9
9
9
9
9
9
9
9
9
9
9
9
9
9
9
9
9
9
9
9
9
9
9
9
9
9
9
9
9
9
9
9
9
9
9
9
9
9
9
9
9
9
9
9
9
9
9
9
9
9
9
9
9
9
9
9
9
9
9
9
9
9
9
9
9
9
9
9
9
9
9
9
9
9
9
9
9
9
9
9
9
9
9
9
9
9
9
9
9
9
9
9
9
9
9
9
9
9
9
9
9
9
9
9
9
9
9
9
9
9
9
9
9
9
9
9
9
9
9
9
9
9
9
9
9
9
9
9
9
9
9
9
9
9
9
9
9
9
9
9
9
9
9
9
9
9
9
9
9
9
9
9
9
9
9
9
9
9
9
9
9
9
9
9
9
9
9
9
9
9
9
9
9
9
9
9
9
9
9
9
9
9
9
9
9
9
9
9
9
9
9
9
9
9
9
9
9
9
9
9
9
9
9
9
9
9
9
9
9
9
9
9
9
9
9
9
9
9
9
9
9
9
9
9
9
9
9
9
9
9
9
9
9
9
9
9
9
9
9
9
9
9
9
9
9
9
9
9
9
9
9
9
9
9
9
9
9
9
9
9
9
9
9
9
9
9
9
9
9
9
9
9
9
9
9
9
9
9
9
9
9
9
9
9
9
9
9
9
9
9
9
9
9
9
9
9
9
9
9
9
9
9
9
9
9
9
9
9
9
9
9
9
9
9
9
9
9
9
9
9
9
9
9
9
9
9
9
9
9
9
9
9
9
9
9
9
9
9
9
9
9
9
9
9
9
9
9
9
9
9
9
9
9
9
9
9
9
9
9
9
9
9
9
9
9
9
9
9
9
9
9
9
9
9
9
9
9
9
9
9
9
9
9
9
9
9
9
9
9
9
9
9
9
9
9
9
9
9
9
9
9
9
9
9
9
9
9
9
9
9
9
9
9
9
9
9
9
9
9
9
9
9
9
9
9
9
9
9
9
9
9
9
9
9
9
9
9
9
9
9
9
9
9
9
9
9
9
9
9
9
9
9
9
9
9
9
9
9
9
9
9
9
9
9
9
9
9
9
9
9
9
9
9
9
9
9
9
9
9
9
9
9
9
9
9
9
9
9
9
9
9
9
9
9
9
9
9
9
9
9
9
9
9
9
9
9
9
9
9
9
9
9
9
9
9
9
9
9
9
9
9
9
9
9
9
9
9
9
8
8
8
8
8
8
8
8
8
8
8
8
8
8
8
8
8
8
8
8
8
8
8
8
8
8
8
8
8
8
8
8
8
8
8
8
8
8
8
8
8
8
8
8
8
8
8
8
8
8
8
8
8
8
8
8
8
8
8
8
8
8
8
8
8
8
8
8
8
8
8
8
8
8
8
8
8
8
8
8
8
8
8
8
8
8
8
8
8
8
8
8
8
8
8
8
8
8
8
8
8
8
8
8
8
8
8
8
8
8
8
8
8
8
8
8
8
8
8
8
8
8
8
8
8
8
8
8
8
8
8
8
8
8
8
8
8
8
8
8
8
8
8
8
8
8
8
8
8
8
8
8
8
8
8
8
8
8
8
8
8
8
8
8
8
8
8
8
8
8
8
8
8
8
8
8
8
8
8
8
8
8
8
8
8
8
8
8
8
8
8
8
8
8
8
8
8
8
8
8
8
8
8
8
8
8
8
8
8
8
8
8
8
8
8
8
8
8
8
8
8
8
8
8
8
8
8
8
8
8
8
8
8
8
8
8
8
8
8
8
8
8
8
8
8
8
8
8
8
8
8
8
8
8
8
8
8
8
8
8
8
8
8
8
8
8
8
8
8
8
8
8
8
8
8
8
8
8
8
8
8
8
8
8
8
8
8
8
8
8
8
8
8
8
8
8
8
8
8
8
8
8
8
8
8
8
8
8
8
8
8
8
8
8
8
8
8
8
8
8
8
8
8
8
8
8
8
8
8
8
8
8
8
8
8
8
8
8
8
8
8
8
8
8
8
8
8
8
8
8
8
8
8
8
8
8
8
8
8
8
8
8
8
8
8
8
8
8
8
8
8
8
8
8
8
8
8
8
8
8
8
8
8
8
8
8
8
8
8
8
8
8
8
8
8
8
8
8
8
8
8
8
8
8
8
8
8
8
8
8
8
8
8
8
8
8
8
8
8
8
8
8
8
8
8
8
8
8
8
8
8
8
8
8
8
8
8
8
8
8
8
8
8
8
8
8
8
8
8
8
8
8
8
8
8
8
8
8
8
8
8
8
8
8
8
8
8
8
8
8
8
8
8
8
8
8
8
8
8
8
8
8
8
8
8
8
8
8
8
8
8
8
8
8
8
8
8
8
8
8
8
8
8
8
8
8
8
8
8
8
8
8
8
8
8
8
8
8
8
8
8
8
8
8
8
8
8
8
8
8
8
8
8
8
8
8
8
8
8
8
8
8
8
8
8
8
8
8
8
8
8
8
8
8
8
8
8
8
8
8
8
8
8
8
8
8
8
8
8
8
8
8
8
8
8
8
8
8
8
8
8
8
8
8
8
8
8
8
8
8
8
8
8
8
8
8
8
8
8
8
8
8
8
8
8
8
8
8
8
8
8
8
8
8
8
8
8
8
8
8
8
8
8
8
8
8
8
8
8
8
8
8
8
8
8
8
8
8
8
8
8
8
8
8
8
8
8
8
8
8
8
8
8
8
8
8
8
8
8
8
8
8
8
8
8
8
8
8
8
8
8
8
8
8
8
8
8
8
8
8
8
8
8
8
8
8
8
8
8
8
8
8
8
8
8
8
8
8
8
8
8
8
8
8
8
8
8
8
8
8
8
8
8
8
8
8
8
8
8
8
8
8
8
8
8
8
8
8
8
8
8
8
8
8
8
8
8
8
8
8
8
8
8
8
8
8
8
8
8
8
8
8
8
8
8
8
8
8
8
8
8
8
8
8
8
8
8
8
8
8
8
8
8
8
8
8
8
8
8
8
8
8
8
8
8
8
8
8
8
8
8
8
8
8
8
8
8
8
8
8
8
8
8
8
8
8
8
8
8
8
8
8
8
8
8
8
8
8
8
8
8
8
8
8
8
8
8
8
8
8
8
8
8
8
8
8
8
8
8
8
8
8
8
8
8
8
8
8
8
8
8
8
8
8
8
8
8
8
8
8
8
8
8
8
8
8
8
8
8
8
8
8
8
8
8
8
8
8
8
8
8
8
8
8
8
8
8
8
8
8
8
8
8
8
8
8
8
8
8
8
8
8
8
8
8
8
8
8
8
8
8
8
8
8
8
8
8
8
8
8
8
8
8
8
8
8
8
8
8
8
8
8
8
8
8
8
8
8
8
8
8
8
8
8
8
8
8
8
8
8
8
8
8
8
8
8
8
8
8
8
8
8
8
8
8
8
8
8
8
8
8
8
8
8
8
8
8
8
8
8
8
8
8
8
8
8
8
8
8
8
8
8
8
8
8
8
8
8
8
8
8
8
8
8
8
8
8
8
8
8
8
8
8
8
8
8
8
8
8
8
8
8
8
8
8
8
8
8
8
8
8
8
8
8
8
8
8
8
8
8
8
8
8
8
8
8
8
8
8
8
8
8
8
8
8
8
8
8
8
8
8
8
8
8
8
8
8
8
8
8
8
8
8
8
8
8
8
8
8
8
8
8
8
8
8
8
8
8
8
8
8
8
8
8
8
8
8
8
8
8
8
8
8
8
8
8
8
8
8
8
8
8
8
8
8
8
8
8
8
8
8
8
8
8
8
8
8
8
8
8
8
8
8
8
8
8
8
8
8
8
8
8
8
8
8
8
8
8
8
8
8
8
8
8
8
8
8
8
8
8
8
8
8
8
8
8
8
8
8
8
8
8
8
8
8
7
7
7
7
7
7
7
7
7
7
7
7
7
7
7
7
7
7
7
7
7
7
7
7
7
7
7
7
7
7
7
7
7
7
7
7
7
7
7
7
7
7
7
7
7
7
7
7
7
7
7
7
7
7
7
7
7
7
7
7
7
7
7
7
7
7
7
7
7
7
7
7
7
7
7
7
7
7
7
7
7
7
7
7
7
7
7
7
7
7
7
7
7
7
7
7
7
7
7
7
7
7
7
7
7
7
7
7
7
7
7
7
7
7
7
7
7
7
7
7
7
7
7
7
7
7
7
7
7
7
7
7
7
7
7
7
7
7
7
7
7
7
7
7
7
7
7
7
7
7
7
7
7
7
7
7
7
7
7
7
7
7
7
7
7
7
7
7
7
7
7
7
7
7
7
7
7
7
7
7
7
7
7
7
7
7
7
7
7
7
7
7
7
7
7
7
7
7
7
7
7
7
7
7
7
7
7
7
7
7
7
7
7
7
7
7
7
7
7
7
7
7
7
7
7
7
7
7
7
7
7
7
7
7
7
7
7
7
7
7
7
7
7
7
7
7
7
7
7
7
7
7
7
7
7
7
7
7
7
7
7
7
7
7
7
7
7
7
7
7
7
7
7
7
7
7
7
7
7
7
7
7
7
7
7
7
7
7
7
7
7
7
7
7
7
7
7
7
7
7
7
7
7
7
7
7
7
7
7
7
7
7
7
7
7
7
7
7
7
7
7
7
7
7
7
7
7
7
7
7
7
7
7
7
7
7
7
7
7
7
7
7
7
7
7
7
7
7
7
7
7
7
7
7
7
7
7
7
7
7
7
7
7
7
7
7
7
7
7
7
7
7
7
7
7
7
7
7
7
7
7
7
7
7
7
7
7
7
7
7
7
7
7
7
7
7
7
7
7
7
7
7
7
7
7
7
7
7
7
7
7
7
7
7
7
7
7
7
7
7
7
7
7
7
7
7
7
7
7
7
7
7
7
7
7
7
7
7
7
7
7
7
7
7
7
7
7
7
7
7
7
7
7
7
7
7
7
7
7
7
7
7
7
7
7
7
7
7
7
7
7
7
7
7
7
7
7
7
7
7
7
7
7
7
7
7
7
7
7
7
7
7
7
7
7
7
7
7
7
7
7
7
7
7
7
7
7
7
7
7
7
7
7
7
7
7
7
7
7
7
7
7
7
7
7
7
7
7
7
7
7
7
7
7
7
7
7
7
7
7
7
7
7
7
7
7
7
7
7
7
7
7
7
7
7
7
7
7
7
7
7
7
7
7
7
7
7
7
7
7
7
7
7
7
7
7
7
7
7
7
7
7
7
7
7
7
7
7
7
7
7
7
7
7
7
7
7
7
7
7
7
7
7
7
7
7
7
7
7
7
7
7
7
7
7
7
7
7
7
7
7
7
7
7
7
7
7
7
7
7
7
7
7
7
7
7
7
7
7
7
7
7
7
7
7
7
7
7
7
7
7
7
7
7
7
7
7
7
7
7
7
7
7
7
7
7
7
7
7
7
7
7
7
7
7
7
7
7
7
7
7
7
7
7
7
7
7
7
7
7
7
7
7
7
7
7
7
7
7
7
7
7
7
7
7
7
7
7
7
7
7
7
7
7
7
7
7
7
7
7
7
7
7
7
7
7
7
7
7
7
7
7
7
7
7
7
7
7
7
7
7
7
7
7
7
7
7
7
7
7
7
7
7
7
7
7
7
7
7
7
7
7
7
7
7
7
7
7
7
7
7
7
7
7
7
7
7
7
7
7
7
7
7
7
7
7
7
7
7
7
7
7
7
7
7
7
7
7
7
7
7
7
7
7
7
7
7
7
7
7
7
7
7
7
7
7
7
7
7
7
7
7
7
7
7
7
7
7
7
7
7
7
7
7
7
7
7
7
7
7
7
7
7
7
7
7
7
7
7
7
7
7
7
7
7
7
7
7
7
7
7
7
7
7
7
7
7
7
7
7
7
7
7
7
7
7
7
7
7
7
7
7
7
7
7
7
7
7
7
7
7
7
7
7
7
7
7
7
7
7
7
7
7
7
7
7
7
7
7
7
7
7
7
7
7
7
7
7
7
7
7
7
7
7
7
7
7
7
7
7
7
7
7
7
7
7
7
7
7
7
7
7
7
7
7
7
7
7
7
7
7
7
7
7
7
7
7
7
7
7
7
7
7
7
7
7
7
7
7
7
7
7
7
7
7
7
7
7
7
7
7
7
7
7
7
7
7
7
7
7
7
7
7
7
7
7
7
7
7
7
7
7
7
7
7
7
7
7
7
7
7
7
7
7
7
7
7
7
7
7
7
7
7
7
7
7
7
7
7
7
7
7
7
7
7
7
7
7
7
7
7
7
7
7
7
7
7
7
7
7
7
7
7
7
7
7
7
7
7
7
7
7
7
7
7
7
7
7
7
7
7
7
7
7
7
7
7
7
7
7
7
7
7
7
7
7
7
7
7
7
7
7
7
7
7
7
7
7
7
7
7
7
7
7
7
7
7
7
7
7
7
7
7
7
7
7
7
7
7
7
7
7
7
7
7
7
7
7
7
7
7
7
7
7
7
7
7
7
7
7
7
7
7
7
7
7
7
7
7
7
7
7
7
7
7
7
7
7
7
7
7
7
7
7
7
7
7
7
7
7
7
7
7
7
7
7
7
7
7
7
7
7
7
7
7
7
7
7
7
7
7
7
7
7
7
7
7
7
7
7
7
7
7
7
7
7
7
7
7
7
7
7
7
7
7
7
7
7
7
7
7
7
7
7
7
7
7
7
7
7
7
7
7
7
7
7
7
7
7
7
7
7
7
7
7
7
7
7
7
7
7
7
7
7
7
7
7
7
7
7
7
7
7
7
7
7
7
7
7
7
7
7
7
7
7
7
7
7
7
7
7
7
7
7
7
7
7
7
7
7
7
7
7
7
7
7
7
7
7
7
7
7
7
7
7
7
7
7
7
7
7
7
7
7
7
7
7
7
7
7
7
7
7
7
7
7
7
7
7
7
7
7
7
7
7
7
7
7
7
7
7
7
7
7
7
7
7
7
7
7
7
7
7
7
7
7
7
7
7
7
7
7
7
7
7
7
7
7
7
7
7
7
7
7
7
7
7
7
7
7
7
7
7
7
7
7
7
7
7
7
7
7
7
7
7
7
7
7
7
7
7
7
7
7
7
7
7
7
7
7
7
7
7
7
7
7
7
7
7
7
7
7
7
7
7
7
7
7
7
7
7
7
7
7
7
6
6
6
6
6
6
6
6
6
6
6
6
6
6
6
6
6
6
6
6
6
6
6
6
6
6
6
6
6
6
6
6
6
6
6
6
6
6
6
6
6
6
6
6
6
6
6
6
6
6
6
6
6
6
6
6
6
6
6
6
6
6
6
6
6
6
6
6
6
6
6
6
6
6
6
6
6
6
6
6
6
6
6
6
6
6
6
6
6
6
6
6
6
6
6
6
6
6
6
6
6
6
6
6
6
6
6
6
6
6
6
6
6
6
6
6
6
6
6
6
6
6
6
6
6
6
6
6
6
6
6
6
6
6
6
6
6
6
6
6
6
6
6
6
6
6
6
6
6
6
6
6
6
6
6
6
6
6
6
6
6
6
6
6
6
6
6
6
6
6
6
6
6
6
6
6
6
6
6
6
6
6
6
6
6
6
6
6
6
6
6
6
6
6
6
6
6
6
6
6
6
6
6
6
6
6
6
6
6
6
6
6
6
6
6
6
6
6
6
6
6
6
6
6
6
6
6
6
6
6
6
6
6
6
6
6
6
6
6
6
6
6
6
6
6
6
6
6
6
6
6
6
6
6
6
6
6
6
6
6
6
6
6
6
6
6
6
6
6
6
6
6
6
6
6
6
6
6
6
6
6
6
6
6
6
6
6
6
6
6
6
6
6
6
6
6
6
6
6
6
6
6
6
6
6
6
6
6
6
6
6
6
6
6
6
6
6
6
6
6
6
6
6
6
6
6
6
6
6
6
6
6
6
6
6
6
6
6
6
6
6
6
6
6
6
6
6
6
6
6
6
6
6
6
6
6
6
6
6
6
6
6
6
6
6
6
6
6
6
6
6
6
6
6
6
6
6
6
6
6
6
6
6
6
6
6
6
6
6
6
6
6
6
6
6
6
6
6
6
6
6
6
6
6
6
6
6
6
6
6
6
6
6
6
6
6
6
6
6
6
6
6
6
6
6
6
6
6
6
6
6
6
6
6
6
6
6
6
6
6
6
6
6
6
6
6
6
6
6
6
6
6
6
6
6
6
6
6
6
6
6
6
6
6
6
6
6
6
6
6
6
6
6
6
6
6
6
6
6
6
6
6
6
6
6
6
6
6
6
6
6
6
6
6
6
6
6
6
6
6
6
6
6
6
6
6
6
6
6
6
6
6
6
6
6
6
6
6
6
6
6
6
6
6
6
6
6
6
6
6
6
6
6
6
6
6
6
6
6
6
6
6
6
6
6
6
6
6
6
6
6
6
6
6
6
6
6
6
6
6
6
6
6
6
6
6
6
6
6
6
6
6
6
6
6
6
6
6
6
6
6
6
6
6
6
6
6
6
6
6
6
6
6
6
6
6
6
6
6
6
6
6
6
6
6
6
6
6
6
6
6
6
6
6
6
6
6
6
6
6
6
6
6
6
6
6
6
6
6
6
6
6
6
6
6
6
6
6
6
6
6
6
6
6
6
6
6
6
6
6
6
6
6
6
6
6
6
6
6
6
6
6
6
6
6
6
6
6
6
6
6
6
6
6
6
6
6
6
6
6
6
6
6
6
6
6
6
6
6
6
6
6
6
6
6
6
6
6
6
6
6
6
6
6
6
6
6
6
6
6
6
6
6
6
6
6
6
6
6
6
6
6
6
6
6
6
6
6
6
6
6
6
6
6
6
6
6
6
6
6
6
6
6
6
6
6
6
6
6
6
6
6
6
6
6
6
6
6
6
6
6
6
6
6
6
6
6
6
6
6
6
6
6
6
6
6
6
6
6
6
6
6
6
6
6
6
6
6
6
6
6
6
6
6
6
6
6
6
6
6
6
6
6
6
6
6
6
6
6
6
6
6
6
6
6
6
6
6
6
6
6
6
6
6
6
6
6
6
6
6
6
6
6
6
6
6
6
6
6
6
6
6
6
6
6
6
6
6
6
6
6
6
6
6
6
6
6
6
6
6
6
6
6
6
6
6
6
6
6
6
6
6
6
6
6
6
6
6
6
6
6
6
6
6
6
6
6
6
6
6
6
6
6
6
6
6
6
6
6
6
6
6
6
6
6
6
6
6
6
6
6
6
6
6
6
6
6
6
6
6
6
6
6
6
6
6
6
6
6
6
6
6
6
6
6
6
6
6
6
6
6
6
6
6
6
6
6
6
6
6
6
6
6
6
6
6
6
6
6
6
6
6
6
6
6
6
6
6
6
6
6
6
6
6
6
6
6
6
6
6
6
6
6
6
6
6
6
6
6
6
6
6
6
6
6
6
6
6
6
6
6
6
6
6
6
6
6
6
6
6
6
6
6
6
6
6
6
6
6
6
6
6
6
6
6
6
6
6
6
6
6
6
6
6
6
6
6
6
6
6
6
6
6
6
6
6
6
6
6
6
6
6
6
6
6
6
6
6
6
6
6
6
6
6
6
6
6
6
6
6
6
6
6
6
6
6
6
6
6
6
6
6
6
6
6
6
6
6
6
6
6
6
6
6
6
6
6
6
6
6
6
6
6
6
6
6
6
6
6
6
6
6
6
6
6
6
6
6
6
6
6
6
6
6
6
6
6
6
6
6
6
6
6
6
6
6
6
6
6
6
6
6
6
6
6
6
6
6
6
6
6
6
6
6
6
6
6
6
6
6
6
6
6
6
6
6
6
6
6
6
6
6
6
6
6
6
6
6
6
6
6
6
6
6
6
6
6
6
6
6
6
6
6
6
6
6
6
6
6
6
6
6
6
6
6
6
6
6
6
6
6
6
6
6
6
6
6
6
6
6
6
6
6
6
6
6
6
6
6
6
6
6
6
6
6
6
6
6
6
6
6
6
6
6
6
6
6
6
6
6
6
6
6
6
6
6
6
6
6
6
6
6
6
6
6
6
6
6
6
6
6
6
6
6
6
6
6
6
6
6
6
6
6
6
6
6
6
6
6
6
6
6
6
6
6
6
6
6
6
6
6
6
6
6
6
6
6
6
6
6
6
6
6
6
6
6
6
6
6
6
6
6
6
6
6
6
6
6
6
6
6
6
6
6
6
6
6
6
6
6
6
6
6
6
6
6
6
6
6
6
6
6
6
6
6
6
6
6
6
6
6
6
6
6
6
6
6
6
6
6
6
6
6
6
6
6
6
6
6
6
6
6
6
6
6
6
6
6
6
6
6
6
6
6
6
6
6
6
6
6
6
6
6
6
6
6
6
6
6
6
6
6
6
6
6
6
6
6
6
6
6
6
6
6
6
6
6
6
6
6
6
6
6
6
6
6
6
6
6
6
6
6
6
6
6
6
6
6
6
6
6
6
6
6
6
6
6
6
6
6
6
6
6
6
6
6
6
6
6
6
6
6
6
6
6
6
6
6
6
6
6
6
6
6
6
6
6
6
6
6
6
6
6
6
6
6
6
6
6
6
6
6
6
6
6
6
6
6
6
6
6
6
6
6
6
6
6
6
6
6
6
6
6
6
6
6
6
6
6
6
6
6
6
6
6
6
6
6
6
6
6
6
6
6
6
6
6
6
6
6
6
6
6
6
6
6
6
6
6
6
6
6
6
6
6
6
6
6
6
6
6
6
6
6
6
6
6
6
6
6
6
6
6
6
6
6
6
6
6
6
6
6
6
6
6
6
6
6
6
6
6
6
6
6
6
6
6
6
6
6
6
6
6
6
6
6
6
6
6
6
6
6
6
6
6
6
6
6
6
6
6
6
6
6
6
6
6
6
6
6
6
6
6
6
6
6
6
6
6
6
6
6
6
6
6
6
6
6
6
6
6
6
6
6
6
6
6
6
6
6
6
6
6
6
6
6
6
6
6
6
6
6
6
6
6
6
6
6
6
6
6
6
6
6
6
6
6
6
6
6
6
6
6
6
6
6
6
6
6
6
6
6
6
6
6
6
6
6
6
6
6
6
6
6
6
6
6
6
6
6
6
6
6
6
6
6
6
6
6
6
6
6
6
6
6
6
6
6
6
6
6
6
6
6
6
6
6
6
6
6
6
6
6
6
6
6
6
6
6
6
6
6
6
6
6
6
6
6
6
6
6
6
6
6
6
6
6
6
6
6
6
6
6
6
6
6
6
6
6
6
6
6
6
6
6
6
6
6
6
6
6
6
6
6
6
6
6
6
6
6
6
6
6
6
6
6
6
6
6
6
6
6
6
6
6
6
6
6
6
6
6
6
6
6
6
6
6
6
6
6
6
6
6
6
6
6
6
6
6
6
6
6
6
6
6
6
6
6
6
6
6
6
6
6
6
6
6
6
6
6
6
6
6
6
6
6
6
6
6
6
6
6
6
6
6
6
6
6
6
6
6
6
6
6
6
6
6
6
6
6
6
6
6
6
6
6
6
6
6
6
6
6
6
6
6
6
6
6
6
6
6
6
6
6
6
6
6
6
6
6
6
6
6
6
6
6
6
5
5
5
5
5
5
5
5
5
5
5
5
5
5
5
5
5
5
5
5
5
5
5
5
5
5
5
5
5
5
5
5
5
5
5
5
5
5
5
5
5
5
5
5
5
5
5
5
5
5
5
5
5
5
5
5
5
5
5
5
5
5
5
5
5
5
5
5
5
5
5
5
5
5
5
5
5
5
5
5
5
5
5
5
5
5
5
5
5
5
5
5
5
5
5
5
5
5
5
5
5
5
5
5
5
5
5
5
5
5
5
5
5
5
5
5
5
5
5
5
5
5
5
5
5
5
5
5
5
5
5
5
5
5
5
5
5
5
5
5
5
5
5
5
5
5
5
5
5
5
5
5
5
5
5
5
5
5
5
5
5
5
5
5
5
5
5
5
5
5
5
5
5
5
5
5
5
5
5
5
5
5
5
5
5
5
5
5
5
5
5
5
5
5
5
5
5
5
5
5
5
5
5
5
5
5
5
5
5
5
5
5
5
5
5
5
5
5
5
5
5
5
5
5
5
5
5
5
5
5
5
5
5
5
5
5
5
5
5
5
5
5
5
5
5
5
5
5
5
5
5
5
5
5
5
5
5
5
5
5
5
5
5
5
5
5
5
5
5
5
5
5
5
5
5
5
5
5
5
5
5
5
5
5
5
5
5
5
5
5
5
5
5
5
5
5
5
5
5
5
5
5
5
5
5
5
5
5
5
5
5
5
5
5
5
5
5
5
5
5
5
5
5
5
5
5
5
5
5
5
5
5
5
5
5
5
5
5
5
5
5
5
5
5
5
5
5
5
5
5
5
5
5
5
5
5
5
5
5
5
5
5
5
5
5
5
5
5
5
5
5
5
5
5
5
5
5
5
5
5
5
5
5
5
5
5
5
5
5
5
5
5
5
5
5
5
5
5
5
5
5
5
5
5
5
5
5
5
5
5
5
5
5
5
5
5
5
5
5
5
5
5
5
5
5
5
5
5
5
5
5
5
5
5
5
5
5
5
5
5
5
5
5
5
5
5
5
5
5
5
5
5
5
5
5
5
5
5
5
5
5
5
5
5
5
5
5
5
5
5
5
5
5
5
5
5
5
5
5
5
5
5
5
5
5
5
5
5
5
5
5
5
5
5
5
5
5
5
5
5
5
5
5
5
5
5
5
5
5
5
5
5
5
5
5
5
5
5
5
5
5
5
5
5
5
5
5
5
5
5
5
5
5
5
5
5
5
5
5
5
5
5
5
5
5
5
5
5
5
5
5
5
5
5
5
5
5
5
5
5
5
5
5
5
5
5
5
5
5
5
5
5
5
5
5
5
5
5
5
5
5
5
5
5
5
5
5
5
5
5
5
5
5
5
5
5
5
5
5
5
5
5
5
5
5
5
5
5
5
5
5
5
5
5
5
5
5
5
5
5
5
5
5
5
5
5
5
5
5
5
5
5
5
5
5
5
5
5
5
5
5
5
5
5
5
5
5
5
5
5
5
5
5
5
5
5
5
5
5
5
5
5
5
5
5
5
5
5
5
5
5
5
5
5
5
5
5
5
5
5
5
5
5
5
5
5
5
5
5
5
5
5
5
5
5
5
5
5
5
5
5
5
5
5
5
5
5
5
5
5
5
5
5
5
5
5
5
5
5
5
5
5
5
5
5
5
5
5
5
5
5
5
5
5
5
5
5
5
5
5
5
5
5
5
5
5
5
5
5
5
5
5
5
5
5
5
5
5
5
5
5
5
5
5
5
5
5
5
5
5
5
5
5
5
5
5
5
5
5
5
5
5
5
5
5
5
5
5
5
5
5
5
5
5
5
5
5
5
5
5
5
5
5
5
5
5
5
5
5
5
5
5
5
5
5
5
5
5
5
5
5
5
5
5
5
5
5
5
5
5
5
5
5
5
5
5
5
5
5
5
5
5
5
5
5
5
5
5
5
5
5
5
5
5
5
5
5
5
5
5
5
5
5
5
5
5
5
5
5
5
5
5
5
5
5
5
5
5
5
5
5
5
5
5
5
5
5
5
5
5
5
5
5
5
5
5
5
5
5
5
5
5
5
5
5
5
5
5
5
5
5
5
5
5
5
5
5
5
5
5
5
5
5
5
5
5
5
5
5
5
5
5
5
5
5
5
5
5
5
5
5
5
5
5
5
5
5
5
5
5
5
5
5
5
5
5
5
5
5
5
5
5
5
5
5
5
5
5
5
5
5
5
5
5
5
5
5
5
5
5
5
5
5
5
5
5
5
5
5
5
5
5
5
5
5
5
5
5
5
5
5
5
5
5
5
5
5
5
5
5
5
5
5
5
5
5
5
5
5
5
5
5
5
5
5
5
5
5
5
5
5
5
5
5
5
5
5
5
5
5
5
5
5
5
5
5
5
5
5
5
5
5
5
5
5
5
5
5
5
5
5
5
5
5
5
5
5
5
5
5
5
5
5
5
5
5
5
5
5
5
5
5
5
5
5
5
5
5
5
5
5
5
5
5
5
5
5
5
5
5
5
5
5
5
5
5
5
5
5
5
5
5
5
5
5
5
5
5
5
5
5
5
5
5
5
5
5
5
5
5
5
5
5
5
5
5
5
5
5
5
5
5
5
5
5
5
5
5
5
5
5
5
5
5
5
5
5
5
5
5
5
5
5
5
5
5
5
5
5
5
5
5
5
5
5
5
5
5
5
5
5
5
5
5
5
5
5
5
5
5
5
5
5
5
5
5
5
5
5
5
5
5
5
5
5
5
5
5
5
5
5
5
5
5
5
5
5
5
5
5
5
5
5
5
5
5
5
5
5
5
5
5
5
5
5
5
5
5
5
5
5
5
5
5
5
5
5
5
5
5
5
5
5
5
5
5
5
5
5
5
5
5
5
5
5
5
5
5
5
5
5
5
5
5
5
5
5
5
5
5
5
5
5
5
5
5
5
5
5
5
5
5
5
5
5
5
5
5
5
5
5
5
5
5
5
5
5
5
5
5
5
5
5
5
5
5
5
5
5
5
5
5
5
5
5
5
5
5
5
5
5
5
5
5
5
5
5
5
5
5
5
5
5
5
5
5
5
5
5
5
5
5
5
5
5
5
5
5
5
5
5
5
5
5
5
5
5
5
5
5
5
5
5
5
5
5
5
5
5
5
5
5
5
5
5
5
5
5
5
5
5
5
5
5
5
5
5
5
5
5
5
5
5
5
5
5
5
5
5
5
5
5
5
5
5
5
5
5
5
5
5
5
5
5
5
5
5
5
5
5
5
5
5
5
5
5
5
5
5
5
5
5
5
5
5
5
5
5
5
5
5
5
5
5
5
5
5
5
5
5
5
5
5
5
5
5
5
5
5
5
5
5
5
5
5
5
5
5
5
5
5
5
5
5
5
5
5
5
5
5
5
5
5
5
5
5
5
5
5
5
5
5
5
5
5
5
5
5
5
5
5
5
5
5
5
5
5
5
5
5
5
5
5
5
5
5
5
5
5
5
5
5
5
5
5
5
5
5
5
5
5
5
5
5
5
5
5
5
5
5
5
5
5
5
5
5
5
5
5
5
5
5
5
5
5
5
5
5
5
5
5
5
5
5
5
5
5
5
5
5
5
5
5
5
5
5
5
5
5
5
5
5
5
5
5
5
5
5
5
5
5
5
5
5
5
5
5
5
5
5
5
5
5
5
5
5
5
5
5
5
5
5
5
5
5
5
5
5
5
5
5
5
5
5
5
5
5
5
5
5
5
5
5
5
5
5
5
5
5
5
5
5
5
5
5
5
5
5
5
5
5
5
5
5
5
5
5
5
5
5
5
5
5
5
5
5
5
5
5
5
5
5
5
5
5
5
5
5
5
5
5
5
5
5
5
5
5
5
5
5
5
5
5
5
5
5
5
5
5
5
5
5
5
5
5
5
5
5
5
5
5
5
5
5
5
5
5
5
5
5
5
5
5
5
5
5
5
5
5
5
5
5
5
5
5
5
5
5
5
5
5
5
5
5
5
5
5
5
5
5
5
5
5
5
5
5
5
5
5
5
5
5
5
5
5
5
5
5
5
5
5
5
5
5
5
5
5
5
5
5
5
5
5
5
5
5
5
5
5
5
5
5
5
5
5
5
5
5
5
5
5
5
5
5
5
5
5
5
5
5
5
5
5
5
5
5
5
5
5
5
5
5
5
5
5
5
5
5
5
5
5
5
5
5
5
5
5
5
5
5
5
5
5
5
5
5
5
5
5
5
5
5
5
5
5
5
5
5
5
5
5
5
5
5
5
5
5
5
5
5
5
5
5
5
5
5
5
5
5
5
5
5
5
5
5
5
5
5
5
5
5
5
5
5
5
5
5
5
5
5
5
5
5
5
5
5
5
5
5
5
5
5
5
5
5
5
5
5
5
5
5
5
5
5
5
5
5
5
5
5
5
5
5
5
5
5
5
5
5
5
5
5
5
5
5
5
5
5
5
5
5
5
5
5
5
5
5
5
5
5
5
5
5
5
5
5
5
5
5
5
5
5
5
5
5
5
5
5
5
5
5
5
5
5
5
5
5
5
5
5
5
5
5
5
5
5
5
5
5
5
5
5
5
5
5
5
5
5
5
5
5
5
5
5
5
5
5
5
5
5
5
5
5
5
5
5
5
5
5
5
5
5
5
5
5
5
5
5
5
5
5
5
5
5
5
5
5
5
5
5
5
5
5
5
5
5
5
5
5
5
5
5
5
5
5
5
5
5
5
5
5
5
5
5
5
5
5
5
5
5
5
5
5
5
5
5
5
5
5
5
5
5
5
5
5
5
5
5
5
5
5
5
5
5
5
5
5
5
5
5
5
5
5
5
5
5
5
5
5
5
5
5
5
5
5
5
5
5
5
5
5
5
5
5
5
5
5
5
5
5
5
5
5
5
5
5
5
5
5
5
5
5
5
5
5
5
5
5
5
5
5
5
5
5
5
5
5
5
5
5
5
5
5
5
5
5
5
5
5
5
5
5
5
5
5
5
5
5
5
5
5
5
5
5
5
5
5
5
5
5
5
5
5
5
5
5
5
5
5
5
5
5
5
5
5
5
5
5
5
5
5
5
5
5
5
5
5
5
5
5
5
5
5
5
5
5
5
5
5
5
5
5
5
5
5
5
5
5
5
5
5
5
5
5
5
5
5
5
5
5
5
5
5
5
5
5
5
5
5
5
5
5
5
5
5
5
5
5
5
5
5
5
5
5
5
5
5
5
5
5
5
5
5
5
5
5
5
5
5
5
5
5
5
5
5
5
5
5
5
5
5
5
5
5
5
5
5
5
5
5
5
5
5
5
5
5
5
5
5
5
5
5
5
5
5
5
5
5
5
5
5
5
5
5
5
5
5
5
5
5
5
5
5
5
5
5
5
5
5
5
5
5
5
5
5
5
5
5
5
5
5
5
5
5
5
5
5
5
5
5
5
5
5
5
5
5
5
5
5
5
5
5
5
5
5
5
5
5
5
5
5
5
5
5
5
5
5
5
5
5
5
5
5
5
5
5
5
5
5
5
5
5
5
5
5
5
5
5
5
5
5
5
5
5
5
5
5
5
5
5
5
5
5
5
5
5
5
5
5
5
5
5
5
5
5
5
5
5
5
5
5
5
5
5
5
5
5
5
5
5
5
5
5
5
5
5
5
5
5
5
5
5
5
5
5
5
5
5
5
5
5
5
5
5
5
5
5
5
5
5
5
5
5
5
5
5
5
5
5
5
5
5
5
5
5
5
5
5
5
5
5
5
5
5
5
5
5
5
5
5
5
5
5
5
5
5
5
5
5
5
5
5
5
5
5
5
5
5
5
5
5
5
5
5
5
5
5
5
5
5
5
5
5
5
5
5
5
5
5
5
5
5
5
5
5
5
5
5
5
5
5
5
5
5
5
5
5
5
5
5
5
5
5
5
5
5
5
5
5
5
5
5
5
5
5
5
5
5
5
5
5
5
5
5
5
5
5
5
5
5
5
5
5
5
5
5
5
5
5
5
5
5
5
5
5
5
5
5
5
5
5
5
5
5
5
5
5
5
5
5
5
5
5
5
5
5
5
5
5
5
5
5
5
5
5
5
5
5
5
5
5
5
5
5
5
5
5
5
5
5
5
5
5
78
21
22
72
13
16
38
25
683
27
32
74
28
18
16
16
704
14
13
20
13
14
9
53
12
14
15
610
7
436
9
298
15
5
133
270
9
14
26
6
16
12
35
12
7
32
41
37
15
56
10
12
1221
13
101
9
14
6
508
126
8
8
172
6
104
44
1204
16
15
8
100
10
6
1195
535
5
75
162
7
5374
213
5
11
106
9
14
76
54
23
151
5
10
353
10
61
3976
74
9
120
6
3829
7
102
43
3657
15
291
26
9
146
19
9
3472
13
12
5
85
9
40
683
22
37
87
3023
3016
3015
3007
14
1674
2905
2891
2878
6
12
18
5
6
2833
27
2770
143
6
150
2697
2679
79
28
14
44
5
33
188
9
2566
55
4902
2522
68
2504
2497
15
99
2473
30
2457
2430
5
2401
81
2397
5
84
6
29
29
14
9
2225
6
16
41
21
6
6
14
7
2159
7
25
12
2109
11
2085
63
7
9121
61
2017
278
1913
327
74
8
1873
1865
10
1835
1833
4539
109
9
1786
159
19
8
22
15
1688
1687
1684
9
1671
9
8
17
1612
5
5
1592
1586
1578
1571
1315
6
1520
324
1498
1497
5
34
308
1481
8
280
45
1457
1445
39
142
15
178
1436
1424
1421
1410
1398
11
1374
37
1354
1348
54
1330
1324
28
1319
7
1305
10
45
1286
25
13
1276
1274
75
1248
28
49
1232
1224
1224
82
1209
1207
1206
8
1198
1196
185
1191
8
16
4741
704
13
223
1169
1169
167
19
454
69
35
1136
866
1102
15
17
1096
5
1091
1084
18
1059
1049
7
8
127
31
25
1022
1020
28
1004
998
996
6
1509
5
970
968
74
38
13
5
576
947
947
943
936
930
64
922
9
28
917
914
7
247
22
25
1074
887
879
2634
20
24
16
7
44
865
238
858
6
5
25
12
16
830
4108
480
808
804
801
799
794
26
790
782
782
616
179
769
27
761
759
7
7
757
10
6
753
753
19
751
750
744
14
741
32
735
733
9
726
722
27
12
716
714
713
712
708
57
703
702
702
9
221
44
693
690
687
686
6
683
89
678
193
668
668
663
662
7
659
658
48
653
653
649
647
19
645
643
642
83
634
634
631
629
628
51
619
11
619
12
609
609
281
38
606
6
15
596
595
9
591
589
585
53
584
583
583
581
696
579
578
5
5
570
568
10
1089
28
560
409
5
558
26
373
553
549
9
14
545
545
10
543
543
542
541
20
538
534
52
57
529
524
24
519
12
34
6
516
513
512
511
225
40
507
506
506
6
502
2597
18
7
499
225
495
495
48
16
493
49
493
29
488
32
485
484
471
3764
25
970
483
9
479
478
69
475
13
474
55
470
469
33
469
133
467
466
465
464
463
463
463
47
456
455
454
450
448
447
8
446
445
443
442
18
438
69
437
435
434
25
431
18
12
8
187
428
12
426
423
15
422
421
420
420
17
419
2052
128
414
9
414
3430
19
411
411
409
404
56
82
93
5
62
53
396
396
868
392
391
391
390
389
10
387
387
386
386
386
6
385
81
385
382
380
380
379
378
377
2022
73
377
376
375
373
23
13
2504
369
366
366
366
22
14
33
10
8222
362
3094
20
31
359
358
357
26
356
45
356
10
42
353
353
11
14
153
351
351
348
348
348
346
6
345
345
344
344
343
343
34
10
160
339
338
337
12
78
27
334
333
13
19
15
329
328
5
328
327
326
326
49
5
322
12
38
321
18
477
320
319
319
319
196
318
14
6
318
12
317
317
317
317
26
660
315
314
313
313
1664
310
30
309
24
307
18
302
302
5
300
47
214
299
11
297
47
2107
296
296
294
293
293
232
293
15
605
289
273
8
272
22
5
13
18
287
287
286
286
44
285
284
284
284
35
284
283
283
7
282
282
282
5
282
17
277
277
277
274
274
272
271
6
271
1158
270
269
268
8
9
30
266
8
265
264
144
263
263
262
262
261
260
6
259
257
257
5
256
49
255
255
8
255
219
254
253
58
199
252
13
251
250
250
2371
250
12
6
249
249
17
248
248
248
59
247
20
21
247
246
246
5
5
245
245
245
244
96
242
114
241
156
240
240
239
8
1522
34
825
237
9
236
235
235
23
233
12
16
232
232
232
231
231
231
231
231
336
230
230
59
230
229
11
229
9
227
7
227
227
226
6
226
15
225
225
224
223
223
30
24
5
364
30
220
219
219
49
219
218
1211
5
217
217
216
29
44
214
9
8
211
211
211
27
56
210
209
2878
208
208
208
208
208
207
207
207
18
5
34
206
206
3020
279
206
206
205
205
205
204
204
204
89
87
203
8
7
203
203
203
804
44
202
200
200
200
8
6
199
199
199
199
199
11
199
197
196
196
196
196
195
195
6
194
27
193
6
12
192
192
191
29
8
191
191
191
14
190
190
190
190
14
190
189
189
13
188
188
36
37
186
40
5
186
184
184
61
316
81
182
9
182
19
182
25
181
181
544
180
180
180
180
179
179
178
178
177
177
177
113
176
176
176
175
7
175
174
174
174
9
174
173
173
173
173
34
34
104
172
172
172
171
171
171
171
36
9
170
6
170
170
169
169
169
169
10
168
72
166
166
166
166
166
166
165
165
440
164
56
164
9
163
163
162
6
162
162
162
107
81
161
174
86
161
161
161
160
160
34
19
160
160
160
8
55
159
159
19
158
158
15
158
158
157
81
155
155
155
33
155
155
155
155
15
155
155
6
154
154
14
154
154
154
154
278
153
78
153
153
6
5
152
152
152
152
13
184
6
21
3932
150
150
150
5
150
150
9
150
6
150
136
149
7
149
149
149
149
149
57
149
149
148
21
148
148
148
148
147
147
94
147
13
147
147
147
146
146
57
146
146
146
146
145
18
8
145
145
145
10
145
144
199
11
144
13
144
143
143
143
7
143
143
142
5
142
141
141
141
141
16
141
141
141
140
139
139
158
139
138
138
138
19
137
5
137
137
24
136
7927
136
136
136
136
17
136
135
58
135
135
135
135
135
61
135
6
134
834
134
134
1619
134
20
134
134
7677
133
133
133
133
5
132
132
16
132
5
13
132
131
131
131
131
131
5
131
6
130
130
130
129
129
129
17
129
129
129
129
129
128
256
128
128
128
127
11
127
15
127
126
126
126
126
126
8
126
25
125
125
98
8
125
125
125
22
124
40
22
124
124
124
124
16
123
19
123
6
123
2993
550
122
11
122
122
122
122
38
122
122
121
121
109
121
83
8
120
9
120
120
9
120
120
120
120
7
120
120
119
119
119
119
119
119
48
5
13
118
26
118
243
7
118
18
117
117
117
38
16
116
116
116
116
116
13
17
116
116
116
115
115
115
6
6
114
114
15
114
114
27
114
14
114
35
114
18
5
131
76
113
113
113
14
113
26
102
113
112
112
112
5
112
112
12
112
7
111
10
111
10
110
110
17
12
110
6
367
110
353
110
5
109
109
109
109
11
7
108
108
108
108
108
108
108
108
47
10
108
108
108
107
181
107
107
107
107
107
107
11
5
11
107
6
7
106
106
106
106
106
105
20
105
105
105
105
1229
105
105
104
104
104
104
104
104
104
33
104
196
104
103
8
103
844
31
102
13
184
102
102
102
101
101
101
101
101
101
30
101
100
7
30
7
14
100
99
99
6
99
99
99
78
9
23
98
98
98
98
98
98
98
10
301
97
97
31
97
97
97
97
39
97
96
97
97
96
96
96
96
96
14
138
96
46
274
96
95
5
5
95
95
95
10
95
95
95
95
94
94
94
94
94
5
5
42
287
94
94
94
94
94
93
93
62
93
93
93
93
91
93
93
92
92
92
92
92
92
92
92
64
91
91
91
104
91
91
91
91
91
6
91
91
91
22
7
90
90
90
90
90
26
89
572
89
89
89
89
89
89
87
89
8
88
88
88
88
88
88
23
88
88
88
88
87
87
87
87
87
87
6
87
87
11
86
86
86
86
86
86
86
36
86
86
86
86
86
6
9
85
85
85
85
5
85
62
57
85
85
84
5
19
84
84
84
84
84
84
84
20
84
84
84
84
84
84
84
6
83
83
83
83
83
83
83
83
69
23
83
83
83
83
83
83
82
82
82
82
82
82
82
128
19
12
1029
81
264
81
81
81
81
81
81
81
40
80
80
5
80
80
80
80
4280
14
80
80
10
80
80
80
80
80
80
80
80
80
79
79
79
79
79
79
79
66
79
6
79
79
45
78
479
30
79
12
13
78
78
78
78
78
78
78
78
10
78
560
78
78
78
78
6
1135
18
77
77
37
77
77
316
77
77
170
77
77
77
77
77
77
77
77
77
18
76
76
76
76
76
76
76
11
33
76
76
76
76
76
76
75
75
75
75
75
75
75
75
75
75
5
75
12
75
107
75
75
42
75
75
75
75
74
74
74
7
74
74
662
74
74
74
74
118
6
74
74
73
73
73
73
73
5
73
73
50
73
72
72
21
49
72
72
72
72
72
142
72
72
72
71
71
71
9
71
71
71
71
71
71
71
71
71
19
71
71
71
71
6
70
70
70
70
5
5
70
70
70
70
70
70
14
39
70
24
244
14
70
10
70
70
69
11
69
69
10
25
69
69
37
69
69
69
69
69
69
69
69
235
7
599
44
68
68
68
68
76
68
68
68
68
12
5
68
19
68
68
68
68
68
67
67
14
67
40
67
67
67
12
67
67
67
67
67
67
67
67
67
66
66
5
66
16
66
66
9
66
66
66
313
66
167
42
295
19
65
5
10
65
65
11
65
65
65
65
65
8
65
65
65
65
5
65
65
65
18
65
65
13
13
65
10
36
64
13
64
64
64
64
5
64
64
64
133
64
950
70
64
28
64
64
64
9
64
47
5
64
32
64
64
64
63
63
63
63
63
24
63
63
63
63
63
63
63
63
63
63
63
63
789
63
108
63
63
63
62
62
62
58
6
62
62
62
62
62
8
62
62
62
49
62
62
7
62
204
62
62
62
613
61
61
8
61
61
61
61
61
61
19
61
61
10
61
61
61
61
61
9
60
60
60
60
60
49
60
625
10
60
60
60
60
60
60
60
60
120
60
6
9
59
81
59
59
59
59
59
59
16
59
59
59
19
59
29
59
59
48
59
59
58
58
58
58
58
5
217
19
58
58
5
58
89
58
58
23
44
58
5
5
5
58
58
58
57
57
57
382
57
57
57
57
57
57
19
11
57
57
57
57
57
57
107
6
11
57
57
57
98
57
57
57
57
57
57
56
56
56
56
56
21
56
22
56
56
56
48
56
56
56
56
9
178
56
56
56
26
56
56
55
55
55
5
55
55
55
55
55
55
55
55
30
55
55
16
55
55
55
55
55
46
55
55
704
55
55
55
55
55
23
55
16
54
54
7
54
21
1264
54
54
54
54
54
54
7
54
54
267
233
5
54
54
54
54
54
54
54
5
54
19
53
53
53
53
53
9
53
53
53
53
11
53
53
53
53
53
53
53
53
65
53
53
53
10
53
53
53
53
113
53
53
53
5
53
53
53
52
29
52
9
52
52
8
52
52
52
52
52
52
5
52
52
17
52
52
52
52
52
51
51
51
51
22
51
51
51
51
51
51
51
51
12
51
51
32
51
7
5
51
51
51
51
51
8
51
51
3150
51
51
51
51
51
51
50
231
50
50
50
50
50
50
50
50
50
50
20
7
11
50
50
2570
5
50
50
14
7
9
18
50
50
50
50
50
50
52
50
50
49
49
49
49
49
49
49
49
49
49
49
49
24
49
49
49
102
49
49
49
49
49
49
49
12
19
49
49
49
40
49
49
49
49
16
8
41
48
48
48
48
48
48
48
48
48
48
48
48
48
48
48
87
7
62
48
48
48
13
48
5
48
23
48
48
332
46
48
48
47
47
47
12
11
47
47
47
352
47
47
47
47
47
47
47
522
47
47
47
47
47
92
47
47
47
47
47
47
47
47
1224
47
31
46
41
46
28
46
46
6837
46
46
112
1161
46
46
46
46
46
46
24
46
46
46
46
46
46
17
46
21
46
33
46
46
46
45
45
45
45
45
14
45
45
45
45
45
45
36
45
45
45
45
1158
10
45
45
45
45
45
58
45
45
291
45
45
45
44
44
7
6
10
6
44
44
25
44
248
44
44
44
44
44
44
44
7
20
44
206
44
44
44
44
44
27
36
8
17
44
44
44
44
5
5
44
44
18
44
44
44
17
44
44
44
44
21
44
44
8
44
75
5
43
43
8
43
6
43
43
43
43
43
43
43
43
43
43
43
43
6
6
43
493
43
43
43
43
43
43
43
43
43
43
43
43
6
43
43
43
43
43
11
43
43
43
43
43
42
42
8
42
11
42
42
42
42
70
42
42
5
42
42
54
42
42
42
17
42
42
42
3990
42
42
42
42
42
42
42
42
42
42
8
42
42
5
42
5
41
41
14
41
41
41
41
41
41
41
7
41
41
41
41
41
18
41
41
33
41
41
41
41
41
41
41
13
103
41
41
41
41
41
41
41
41
41
41
41
41
19
41
41
41
41
40
40
40
40
40
40
40
16
40
40
40
16
40
40
40
40
40
40
40
40
53
40
40
40
40
40
40
10529
40
9
40
40
17
40
40
83
217
40
40
40
40
40
40
40
40
40
39
39
39
39
39
39
39
39
39
39
10
39
39
39
39
39
39
39
39
39
39
39
39
39
39
39
19
10
39
28
39
39
39
39
9
39
32
11
10
39
39
39
39
39
39
14
39
7
39
38
6
38
3913
38
38
7
38
38
38
23
38
38
38
38
38
38
38
38
38
38
38
38
38
38
38
38
38
83
38
5
38
38
38
38
11
38
572
38
38
38
38
8
38
38
38
38
11
38
38
38
38
38
38
38
38
10
37
37
37
37
37
37
37
37
37
26
37
37
62
37
37
37
5
37
37
37
37
37
37
37
37
37
37
37
37
7
37
37
37
7
37
37
37
11
37
37
37
37
61
37
13
37
37
37
83
37
37
7
37
37
37
30
37
14
36
36
36
15
36
36
36
36
36
36
83
36
5
163
36
62
36
36
36
36
36
36
8
36
36
36
36
36
9
7
36
36
36
36
36
36
36
36
36
63
36
36
1108
36
36
36
36
36
28
36
36
36
36
21
36
36
36
36
36
36
35
35
6
35
35
71
35
35
35
35
35
35
35
35
35
35
35
35
35
25
35
35
35
35
35
35
35
35
35
35
35
35
35
35
35
35
35
72
35
35
40
8
35
35
35
18
35
35
35
267
35
35
35
35
35
15
35
35
32
35
35
35
23
7
10
34
34
34
34
34
34
7
34
34
34
34
70
34
34
34
34
34
34
34
34
9
34
34
34
6
34
34
34
41
34
34
34
34
8
19
34
34
34
34
34
34
34
34
34
34
10
34
34
10
34
26
34
34
34
34
34
34
34
34
5
34
11
7
34
34
34
34
34
34
34
34
34
34
34
34
34
34
33
33
33
33
33
33
33
33
33
33
33
33
16
33
33
33
33
127
33
33
23
21
33
33
33
33
33
13
295
33
33
32
33
33
33
33
33
123
33
8
33
10
16
27
33
33
33
33
33
33
33
33
33
13
33
33
33
33
33
33
7
33
33
33
33
33
33
33
33
33
33
33
33
33
33
33
33
33
32
32
32
32
11
28
45
32
19
32
32
32
32
32
32
32
32
32
32
5
32
32
32
32
32
32
32
32
32
32
32
32
32
10
32
32
32
32
32
32
32
32
32
32
34
32
32
32
32
32
32
32
32
32
32
32
32
32
32
32
12
32
32
10
32
32
31
31
31
31
31
31
31
31
31
31
41
31
27
31
31
31
31
31
31
54
31
31
119
31
31
31
31
6
31
31
31
31
31
31
2807
544
31
31
31
31
31
31
31
31
31
31
31
31
31
31
31
31
31
80
31
31
165
31
31
31
31
31
31
31
31
31
31
31
31
31
31
6
30
29
31
9
31
40
12
31
44
31
31
31
31
58
31
30
30
30
30
30
30
30
30
30
30
9
30
30
30
30
30
30
5
230
30
30
30
7
20
30
30
30
30
30
30
30
30
30
11
30
30
30
30
30
30
30
30
30
30
30
30
30
30
25
30
30
30
41
5
30
30
75
30
30
9
30
30
30
30
30
30
6
30
28
30
30
30
30
30
30
5
30
30
30
30
30
30
30
30
30
30
30
30
30
29
14
29
148
29
33
13
29
29
29
29
29
29
29
29
29
29
29
29
29
29
29
29
232
29
29
29
29
29
29
6
29
29
29
29
29
29
29
29
29
29
7
6
29
29
29
29
29
29
29
29
29
29
29
29
13
29
29
29
5
29
29
29
29
23
29
433
29
29
29
29
29
29
29
5
29
29
29
29
28
28
28
28
28
28
28
28
28
28
18
28
28
28
28
28
28
372
28
5
18
28
5
28
28
28
28
28
28
7
28
28
28
28
28
28
28
28
28
28
28
28
7
5
253
21
28
14
28
28
28
28
28
28
28
28
28
28
33
28
28
28
110
28
25
28
28
28
28
28
28
28
28
28
227
28
28
5
28
28
28
198
28
5
28
28
28
28
28
28
28
28
28
28
27
27
40
27
27
27
27
17
27
27
27
27
27
27
27
26
5
27
27
27
9
27
27
27
27
15
27
27
27
27
27
27
27
27
96
27
27
27
27
27
27
27
27
27
27
27
27
27
27
27
5
27
27
27
27
27
27
27
25
27
27
27
27
12
17
27
7
27
27
27
27
27
27
27
27
27
27
27
16
15
27
27
27
27
27
27
27
27
27
2895
27
27
27
27
27
27
27
26
6
26
26
20
26
32
26
26
26
26
68
26
693
873
26
109
26
26
26
26
26
26
26
26
26
26
26
26
26
26
26
26
26
26
26
99
26
26
18
26
26
26
26
26
26
12
26
26
540
26
26
26
26
26
7
1934
26
26
105
26
26
26
26
26
56
26
26
26
26
26
26
26
26
19
26
26
26
6
26
26
1709
839
26
26
26
26
26
26
26
26
26
26
26
26
26
6
26
26
5
26
5
26
26
13
26
25
25
25
25
25
25
25
25
25
25
25
25
5
25
25
675
25
42
25
25
25
5
25
5
207
25
25
11
25
25
25
25
41
25
25
25
25
25
25
25
25
64
25
25
25
25
25
25
25
25
25
25
25
5
25
25
25
25
25
25
25
25
25
25
356
25
25
25
25
5
25
157
25
25
25
25
97
25
25
129
25
25
21075
25
25
25
25
25
25
25
25
25
25
25
25
25
25
10
25
25
25
25
25
25
24
24
24
24
226
79
24
24
23
24
6
24
8
24
11
24
24
6
14
24
40
24
24
24
24
24
24
24
24
24
24
24
5
24
24
24
24
24
24
24
24
26
24
24
31
10
622
24
24
24
78
24
24
24
24
24
24
24
24
24
66
24
24
51
24
24
24
24
24
14
24
24
13
24
24
24
24
24
24
24
24
24
24
24
24
24
24
24
94
24
16
24
24
24
24
24
24
24
24
24
24
24
24
24
24
24
33
12
24
24
24
24
24
23
23
29
23
23
23
23
23
23
23
23
23
23
23
23
23
23
23
23
16
23
23
23
23
23
23
23
23
23
23
23
23
23
23
23
23
23
23
23
23
23
23
23
23
23
23
23
23
23
23
23
23
23
23
23
23
23
23
23
23
23
23
23
23
23
23
23
23
23
23
21
5
23
23
10
23
23
23
23
23
23
23
23
23
5
23
23
23
23
23
23
23
23
23
23
27
23
23
23
48
23
23
23
120
23
23
23
14
23
23
23
23
23
23
23
6
23
23
23
5
23
23
166
22
22
22
22
22
22
22
22
22
6
7
22
22
22
22
22
22
22
22
22
9
22
15
22
22
22
22
22
6
22
22
22
22
22
22
22
14
22
22
22
24
22
22
22
22
22
6
22
22
170
22
22
22
22
22
22
22
22
22
22
22
22
22
22
22
22
22
22
22
22
22
22
128
22
17
22
22
22
22
22
23
22
22
22
22
7
5
22
22
22
22
22
22
22
22
22
2196
22
6
22
22
22
22
22
22
15
22
22
7
22
6
22
22
25
135
22
22
22
22
22
22
22
22
22
22
9
22
22
22
22
103
22
22
40
22
22
22
22
22
22
22
22
22
18
22
22
22
22
22
21
21
21
21
28
21
21
21
21
21
21
21
11
21
21
5085
21
21
21
21
21
21
12
21
21
21
84
21
21
21
21
21
12
10
21
21
8
21
21
21
21
34
21
21
21
21
21
21
6
386
21
21
21
21
21
21
21
21
21
21
49
21
21
21
21
21
21
21
21
21
11
21
21
21
6
21
9
9
21
21
21
862
21
21
11
21
21
9
21
21
21
21
9
45
21
21
21
56
21
21
5
21
21
21
21
21
21
21
21
18256
21
21
21
21
5
21
21
21
21
21
21
21
21
21
21
21
702
21
280
130
21
21
21
21
21
21
21
15
21
21
7
21
21
21
21
21
21
21
21
21
21
21
21
20
20
20
20
20
20
20
20
20
20
16
20
28
20
20
20
20
21
20
36
20
20
20
20
20
20
20
31
20
20
20
20
20
20
20
20
20
20
20
20
20
20
20
20
20
37
13044
20
20
20
20
20
20
20
20
20
20
20
127
20
20
20
8
20
20
20
20
20
20
20
20
20
8
20
20
20
20
38
20
20
20
6
20
6
17
20
9
25
20
20
20
20
20
20
20
20
20
20
20
20
20
20
20
20
20
20
20
20
20
9
90
20
31
20
20
20
20
20
20
20
20
20
20
20
20
230
20
20
20
20
20
20
20
9
20
20
22
20
20
20
20
20
15
20
20
20
20
25
20
20
20
5
20
20
20
20
20
20
20
20
20
20
20
20
20
20
2055
20
20
20
20
20
20
20
20
20
18
20
20
5
19
19
218
19
134
19
19
19
19
19
30
19
19
19
19
19
19
19
19
19
28
19
19
19
19
19
7
19
19
19
9
19
19
19
19
19
19
19
19
19
19
19
19
19
19
19
19
15
19
19
19
19
19
6
19
19
19
19
19
19
19
19
19
19
13
19
19
102
19
19
19
19
19
19
98
19
19
19
19
19
19
19
19
19
19
19
6
19
19
19
5
19
19
19
19
19
35
19
19
19
19
19
354
19
45
19
48
19
19
19
19
19
19
19
19
19
19
19
19
19
19
19
19
19
19
19
19
19
19
19
19
19
19
19
19
19
19
19
6
32
7
10
19
19
19
19
19
19
39
19
19
19
19
19
29
19
19
19
19
19
21
19
36
19
19
6
19
19
14
19
19
19
19
19
19
19
19
19
19
19
19
19
19
19
19
19
19
19
19
6
19
62
8
18
18
112
18
18
18
18
8
18
18
18
18
18
18
18
6
18
119
18
18
18
18
18
18
18
18
18
18
18
18
59
18
18
18
18
18
18
7
18
18
18
18
18
7
18
18
20788
18
18
18
60
18
18
18
18
18
17490
18
18
18
18
11
18
36
18
18
18
8
20
18
18
18
18
18
18
18
7
18
18
18
18
7
18
18
18
18
18
20
18
11
18
18
18
265
18
18
18
18
18
18
18
13
18
18
18
18
18
18
18
20
18
18
130
18
18
18
18
18
18
18
18
18
18
18
18
18
18
18
18
18
18
18
18
18
18
18
5
18
18
18
18
18
18
18
18
18
6
18
5
18
18
18
18
18
18
18
18
18
18
18
18
10
18
18
18
18
18
18
418
18
5
18
18
18
18
18
18
18
18
18
17
15
17
17
17
17
17
17
17
17
15129
17
17
17
36
17
17
17
17
17
17
17
17
17
17
17
17
17
17
17
17
17
17
17
17
17
17
17
8
17
17
17
17
17
17
17
17
17
17
17
17
17
17
17
17
17
17
17
17
17
17
17
17
17
17
40
17
17
17
17
17
17
17
17
17
17
17
22
17
17
17
17
17
17
17
17
17
17
17
17
17
17
17
82
17
17
17
17
6
15
17
17
17
17
8
17
17
17
17
17
17
17
17
17
17
17
17
17
17
17
17
17
17
17
27
17
17
6
17
18
17
17
17
17
17
17
38
17
17
5
17
17
17
17
17
17
17
17
17
17
17
17
17
17
17
22
17
17
17
17
17
17
17
10
17
17
17
17
17
17
17
17
17
17
17
17
17
130
17
17
17
17
17
17
17
17
17
17
131
17
17
17
17
7
17
17
17
17
19
17
5
17
17
17
17
17
17
17
17
17
17
17
17
6
17
17
17
17
17
17
17
22
17
17
17
17
16
16
16
16
16
16
16
16
16
16
16
16
16
16
16
16
16
16
16
16
16
16
16
16
10
16
16
16
99
16
16
16
16
16
992
16
25
12
16
16
16
16
16
16
16
16
16
16
16
16
16
16
16
16
16
16
12
16
16
154
16
595
16
16
16
16
16
16
19
16
16
16
16
16
16
16
16
10
8
16
16
16
16
16
16
16
16
16
16
16
16
16
16
16
16
16
16
16
16
126
16
11
16
16
16
16
16
16
16
16
16
16
16
16
16
152
16
16
16
16
16
225
16
16
98
5
16
16
16
16
16
16
16
16
16
16
16
10
16
6
16
16
440
14
16
16
16
16
16
16
16
16
16
5
16
16
16
16
16
16
16
16
16
11
16
16
16
16
16
16
16
16
16
16
16
16
4716
16
16
16
16
16
16
16
16
16
16
5
16
16
16
16
16
16
16
16
1042
16
16
16
16
6
64
16
16
16
16
16
16
86
16
5
250
16
16
16
16
16
16
16
16
16
16
16
16
16
16
16
5
7
16
16
16
107
16
16
16
16
16
16
16
144
16
16
16
16
16
16
16
16
16
16
16
16
16
16
16
16
16
16
16
16
131
16
15
15
15
12313
15
15
15
15
15
15
15
15
15
51
15
15
15
15
15
15
15
15
15
15
31
15
15
371
15
15
15
15
13
15
15
15
5
13
15
15
15
15
336
15
15
15
15
15
15
15
15
15
15
15
15
15
15
15
15
15
15
8
15
15
15
15
15
15
15
15
15
15
15
15
15
15
15
15
15
235
15
15
15
15
15
15
15
10
15
15
15
15
15
15
15
15
15
15
15
15
15
15
15
15
15
15
15
15
15
15
15
15
15
15
15
20
5
15
15
15
15
15
15
15
15
15
331
11
15
15
15
11
15
15
15
62
9
15
15
15
15
15
7
15
25
65
15
15
15
15
15
15
15
15
15
15
15
15
15
15
15
13066
15
15
15
15
15
15
15
15
15
15
5
15
15
76
42
11
15
10
15
15
15
15
15
15
15
215
15
15
15
5
15
15
15
15
15
31
15
15
15
15
15
15
15
15
15
15
15
15
15
15
15
34
17
15
15
15
15
15
15
15
15
7
15
15
15
15
15
15
15
15
15
19
15
15
15
15
15
15
15
170
15
15
15
15
15
15
15
15
15
15
15
15
15
15
15
15
15
15
5920
15
14
14
14
14
14
24
14
14
14
14
14
14
19
13
232
14
7
14
14
14
14
27
14
14
9
14
14
14
25
14
14
14
14
14
140
14
14
443
14
14
14
14
10
14
14
14
591
6
14
14
14
14
14
6
14
14
14
14
14
14
24
14
20
14
14
14
14
156
14
14
14
14
14
14
14
14
14
14
14
65
14
14
14
327
14
14
14
7616
14
14
14
14
14
14
14
14
14
14
14
14
14
14
14
36
14
14
14
14
14
14
14
14
14
14
14
14
38
40
14
14
14
14
14
14
14
56
14
14
14
14
14
445
14
52
14
14
14
12
14
39
14
14
59
641
14
14
14
53
14
14
14
14
14
14
14
14
9
14
14
14
14
10
14
658
14
14
14
14
5
14
14
14
7
14
14
14
14
14
14
14
14
14
14
305
14
14
14
8
14
14
14
14
5
14
14
14
14
14
78
14
14
14
193
14
14
14
14
40
14
14
14
14
14
14
5
14
14
14
14
14
14
14
14
14
14
14
14
14
14
14
10
22
14
6
14
14
14
13
6
11
14
14
42
14
14
14
14
14
14
14
14
14
14
14
39
14
14
14
14
14
14
14
14
14
14
15
5
14
14
14
14
14
14
14
14
14
14
14
14
26
14
14
14
14
14
14
14
14
14
14
14
14
14
14
14
14
14
14
14
14
14
14
14
14
14
14
8
14
34
14
14
14
14
563
14
14
14
13
13
13
13
13
13
13
13
13
5
13
8
13
13
13
13
13
13
12
13
13
13
13
13
13
13
66
13
13
13
13
13
5567
13
13
13
43
13
13
13
13
13
13
13
13
13
13
13
13
13
13
13
13
13
13
13
13
13
13
13
13
13
13
13
13
13
13
13
13
13
8714
13
13
5
21
13
13
13
13
13
13
13
13
23
13
13
13
13
13
13
13
13
13
13
13
13
13
13
13
7
13
13
13
13
13
7
13
7
13
13
13
13
13
13
13
13
13
13
13
13
13
13
13
13
13
13
10
13
7296
13
13
13
29
13
12
13
19
13
20
65
13
13
13
13
133
13
13
13
13
2079
13
13
13
13
13
13
13
13
13
76
13
13
13
13
13
13
13
13
13
13
13
13
13
13
13
13
13
13
48
13
13
30
13
13
33
13
13
13
13
13
13
13
13
13
13
21
13
8
13
13
13
29
13
6
13
13
13
13
13
13
13
15
27
13
13
13
13
13
13
13
13
13
13
69
35
13
13
13
14
5
13
13
13
13
27
13
13
13
13
13
13
13
13
13
13
13
13
13
13
13
13
13
13
13
13
13
13
78
13
13
7
13
13
13
13
13
13
13
13
13
13
6
13
13
13
13
13
13
13
13
13
13
132
6
6
13
13
13
13
13
13
13
13
6
13
13
13
13
13
13
13
13
13
13
13
13
13
13
13
13
13
133
5
13
13
10
13
13
13
13
5
13
13
13
13
13
13
13
13
13
13
13
13
13
13
13
13
13
13
13
5
13
18
24
13
13
13
13
13
13
13
12
5195
12
12
12
12
12
12
84
12
6
12
12
12
12
12
12
12
12
12
12
8
12
2808
17
12
12
12
12
12
12
12
12
12
12
5
12
12
12
12
12
12
12
12
12
12
12
12
12
6
12
12
12
724
12
12
12
70
8
1119
12
5
12
12
12
12
12
12
6
12
12
12
12
12
12
12
19
12
12
12
12
12
5
12
12
54
12
12
12
12
12
12
12
12
12
12
12
12
27
12
12
12
8
1265
12
12
12
12
12
12
12
90
12
12
12
12
12
12
12
12
12
12
12
12
58
12
11
12
7
10
12
12
12
12
12
12
12
12
12
12
12
12
12
12
12
12
12
12
12
12
12
12
12
12
12
12
12
12
12
12
12
12
5
12
6
12
12
12
12
12
12
12
12
12
12
12
12
12
12
12
12
12
12
12
12
12
12
12
12
12
8
12
12
12
12
12
12
12
12
12
12
12
5
12
12
12
12
12
12
12
12
12
5
12
12
12
12
12
12
12
12
1041
12
12
12
12
6
12
12
12
12
12
12
12
12
12
12
12
12
12
12
12
12
12
12
106
12
19
12
12
12
12
12
12
12
12
7
12
12
12
12
12
12
12
12
24
12
12
12
12
12
12
12
12
12
12
12
12
12
12
12
12
12
12
12
12
12
12
12
6
12
12
12
12
12
12
12
12
12
12
12
12
12
12
12
33
12
12
12
12
12
12
12
12
12
12
12
12
12
12
12
12
12
12
12
12
12
12
12
12
5
12
12
12
12
59
12
12
12
12
12
65
12
12
12
12
12
12
12
12
12
12
12
12
12
12
12
12
12
12
12
12
12
12
12
12
12
12
12
12
12
12
12
12
12
12
12
12
12
12
12
12
12
12
12
12
12
12
12
12
12
12
12
22
12
12
12
12
12
12
11
11
11
11
11
11
11
11
11
11
11
11
11
11
11
11
11
11
5
56
11
11
5405
11
11
60
11
489
11
42
18
11
11
11
11
11
5
11
11
11
11
11
11
11
11
11
11
11
11
11
11
278
11
11
180
11
11
11
69
11
11
11
11
11
110
11
11
11
11
11
11
11
48
11
11
11
11
11
11
11
11
11
11
11
11
5
11
11
11
11
11
11
11
11
11
11
8
22
11
31
11
11
11
7
21
11
11
11
11
11
11
11
11
11
11
11
58
11
11
11
11
11
7
11
11
11
11
11
6
62
11
11
11
11
11
11
11
11
11
11
11
11
11
11
11
11
11
11
11
11
11
11
11
11
11
11
11
11
11
11
8
6
9345
11
11
11
11
11
11
11
11
11
3349
25
11
11
11
11
2188
11
11
11
11
11
11
11
11
11
11
11
11
21
11
11
11
11
11
11
11
11
982
11
53
11
11
11
11
11
11
62
11
12
11
11
11
11
11
5
11
11
11
11
11
6
11
11
11
11
11
11
11
11
11
11
11
11
11
11
11
11
11
11
11
11
11
11
11
11
11
11
11
11
11
11
11
11
11
11
11
20
11
11
11
11
5
11
11
11
11
11
11
11
7
11
11
15
11
11
11
299
11
11
11
11
11
11
11
11
701
11
11
23
11
11
11
11
11
11
11
11
11
11
11
11
11
11
11
11
223
11
11
11
11
11
11
11
11
11
11
11
1552
1969
13
11
11
11
299
11
11
11
11
11
11
11
11
11
9
11
11
11
11
11
11
11
11
11
11
11
11
7
169
11
11
11
11
11
11
11
11
11
11
11
5
11
9
11
11
11
11
83
11
11
11
7
11
11
11
11
11
11
14
11
11
11
11
11
11
11
11
11
11
11
11
11
11
11
11
11
11
11
11
11
11
11
11
11
11
7
9
11
11
11
11
11
11
11
11
11
11
11
11
11
6
11
11
94
9
5
5
11
11
11
11
11
11
11
11
11
11
11
11
11
11
11
11
11
11
11
11
11
11
11
11
173
15
11
11
11
11
11
11
11
11
11
11
11
11
11
11
11
11
11
11
11
9
11
11
11
11
11
11
11
11
11
11
11
11
366
11
11
11
11
11
11
11
11
11
11
27
11
11
11
11
11
67
11
11
11
11
11
11
11
11
11
11
11
15
11
11
11
11
11
11
11
11
11
11
11
11
11
11
11
11
11
11
5
10
10
10
10
12
10
10
10
10
10
10
963
10
10
10
7
10
10
10
10
10
10
10
10
10
26
10
10
10
10
10
10
10
10
10
10
10
10
53
10
10
10
10
10
10
33
52
10
10
10
10
10
10
10
10
10
10
58
11
16
10
10
13
10
10
10
10
10
10
10
10
10
10
10
10
8
21
10
10
10
10
10
10
10
10
9232
10
10
10
10
10
10
10
10
10
10
10
10
10
10
10
10
10
10
10
10
10
10
10
10
10
10
10
10
10
10
10
10
10
10
10
10
10
10
10
10
10
10
10
10
10
10
10
10
10
10
10
10
10
10
10
10
10
10
10
10
10
45
10
10
10
10
10
10
10
10
10
10
10
10
10
10
53
10
10
10
10
10
17
10
10
10
10
10
10
10
10
10
10
10
10
10
44
5
9
10
10
10
10
10
10
10
10
5
10
42
10
10
10
10
10
10
10
10
10
10
10
10
10
10
10
10
10
10
10
10
7
10
10
10
10
10
122
10
10
10
10
10
10
10
10
16
10
10
10
10
10
10
10
10
10
10
10
10
10
10
10
78
10
10
10
10
10
10
10
13
30
10
10
10
10
10
10
10
10
10
10
10
6
10
858
120
10
10
8
10
10
10
10
10
10
10
10
10
10
10
10
10
10
10
10
10
10
10
12
10
6
10
10
10
10
462
10
10
10
10
10
10
10
10
10
8
21
10
10
10
10
10
10
10
10
10
10
10
10
10
10
10
10
10
3330
50
10
10
10
10
10
501
10
10
10
17
10
10
62
10
10
10
10
10
19
10
10
181
10
9
10
13
10
10
10
10
10
10
10
10
9
10
10
10
17
10
11
10
10
10
10
10
5
10
10
10
10
10
10
10
10
10
10
10
10
10
263
10
10
10
10
33
10
10
10
10
10
10
10
10
10
10
10
8
30
10
10
10
10
10
10
10
10
10
10
10
10
18
11
10
10
10
10
10
10
60
10
10
10
10
10
10
10
10
10
10
10
10
10
10
7
10
10
44
3269
10
18
10
10
10
4614
10
10
10
10
10
10
10
10
10
10
10
10
10
10
10
10
10
10
10
10
10
10
10
10
10
9108
10
10
10
10
10
10
10
10
10
10
10
10
10
10
10
10
10
10
10
10
15
10
10
10
10
10
10
10
10
10
10
10
10
10
10
10
10
10
10
10
10
10
10
10
10
10
10
10
10
10
10
10
10
10
10
10
10
10
10
10
10
10
10
10
10
10
10
10
8
10
10
10
5
10
10
17
6
10
10
10
10
10
10
10
10
10
10
10
10
10
10
10
10
9
9
9
9
9
9
9
9
9
9
9
9
9
9
9
9
49
9
9
9
9
38
9
9
9
69
9
9
9
9
9
9
9
9
9
9
9
42
9
9
9
9
9
9
9
9
9
9
9
17
9
9
4425
9
9
9
9
9
9
9
9
9
28
9
9
9
9
9
9
9
9
9
9
9
9
9
9
9
9
9
9
9
9
9
3869
9
9
9
9
9
9
9
9
9
9
9
9
9
9
1308
9
9
9
22
9
9
9
9
9
9
9
9
976
9
9
9
9
9
9
9
9
9
9
9
9
9
9
9
9
9
9
9
9
9
9
9
9
9
9
9
9
34
9
9
9
9
9
9
9
9
9
9
9
9
9
9
9
9
9
9
9
9
9
9
9
9
9
9
9
14
9
9
9
9
9
9
9
9
9
9
9
9
9
9
9
519
9
14
9
9
9
9
9
9
9
9
9
9
9
9
5
9
9
9
9
9
9
9
9
24
9
9
9
9
211
9
9
9
9
9
9
7222
15
9
9
9
9
9
9
9
16
9
16
9
9
9
9
9
5
9
9
9
9
9
217
6
9
9
9
9
9
9
5
9
9
9
9
9
9
9
9
9
9
9
9
9
9
9
9
9
9
9
9
9
9
9
9
9
9
9
9
9
9
9
9
9
9
9
5
9
282
30
9
9
9
9
9
9
9
9
9
9
9
9
9
9
9
9
9
9
34
9
9
9
9
9
9
97
13
9
8
9
9
62
9
6
9
9
9
9
9
24
36
9
9
9
9
9
9
9
9
9
9
9
9
62
9
9
9
9
9
9
20
5
9
9
9
9
9
9
9
9
9
1845
9
9
9
9
9
9
9
9
9
9
9
9
9
9
9
9
9
9
9
9
9
9
9
9
9
9
9
9
79
9
9
9
9
9
6
9
9
9
9
9
9
9
9
9
61
9
9
9
9
9
9
700
9
9
9
9
9
9
9
6
9
9
9
9
9
26
9
9
9
9
9
9
9
9
9
9
9
9
9
9
9
9
9
9
9
9
14
9
9
9
15
9
9
9
9
9
9
9
9
9
9
8
9
9
9
9
9
9
9
9
9
9
9
13
9
9
9
9
9
9
9
8
9
9
9
19
9
9
9
9
9
13
9
9
9
9
9
9
12
9
9
9
9
9
9
9
5
9
9
9
9
5
9
9
8
9
9
9
9
9
10
9
750
9
9
9
9
9
9
9
9
9
9
59
9
9
9
9
9
19
7
9
9
9
5
9
9
9
9
9
9
9
9
9
9
9
9
167
9
9
401
9
9
9
9
9
9
9
9
9
9
9
9
9
9
9
9
9
9
9
9
9
9
9
9
9
9
9
9
39
45
9
9
9
9
9
9
9
9
9
477
9
9
9
9
9
9
9
9
9
9
9
9
9
9
9
9
9
9
9
9
9
9
9
9
9
9
9
9
9
9
9
9
9
9
9
5
7187
9
9
9
9
9
8
8
8
8
8
8
8
8
8
8
8
8
5
8
8
8
8
8
8
12
8
8
8
8
8
8
8
8
8
8
8
8
8
8
3486
8
8
8
11
8
8
8
395
8
8
8
7979
8
56
8
8
8
19
8
161
8
5
8
8
8
8
17
8
8
167
8
8
8
8
8
8
8
8
8
8
38
8
8
8
8
8
8
8
8
8
811
8
8
8
8
8
8
8
8
14
8
8
8
8
8
8
8
8
8
8
28
8
8
8
8
8
8
13
8
8
6
8
8
8
8
8
8
30
8
8
8
8
8
8
8
5
8
8
8
8
8
8
5
6
8
8
8
8
8
7
8
8
8
8
8
8
8
5
8
8
8
8
8
8
8
8
8
8
8
8
8
8
8
8
8
8
8
8
8
8
7
8
8
8
8
8
8
16
8
8
8
8
8
8
8
8
8
8
8
8
8
8
8
6
8
8
8
8
8
8
8
8
8
19
8
8
8
8
8
8
8
8
8
8
8
8
8
8
8
8
8
8
8
8
8
8
8
8
8
8
8
8
73
8
8
8
8
8
8
8
8
8
8
8
8370
106
8
51
8
7
8
8
5
11
8
8
8
8
8
8
8
5
8
8
8
8
8
8
8
8
8
8
8
8
6
8
8
8
8
8
5
13
8
8
8
8
8
8
72
8
8
8
8
8
8
8
8
8
8
4994
8
8
8
8
266
22
8
8
8
51
8
8
8
8
9
8
8
8
8
8
8
8
8
8
8
8
8
8
8
8
61
8
8
8
8
8
8
8
8
8
8
8
8
8
8
8
8
8
8
8
8
8
8
8
8
8
8
8
8
8
8
8
8
8
8
8
8
8
8
8
8
13
8
8
8
8
8
8
8
8
20
17
8
8
8
8
8
8
8
31
8
8
8
8
8
8
8
8
8
8
8
8
8
8
8
8
8
8
11
8
8
8
8
17
8
8
8
8
8
8
8
8
8
6
433
8
8
8
25
142
32
8
8
8
8
8
8
8
8
47
8
8
8
8
8
8
8
8
8
8
8
8
8
8
8
8
8
8
8
8
8
8
5
8
8
8
8
37
8
8
8
8
5
8
8
8
8
8
8
8
8
8
8
8
8
8
8
8
8
5
8
8
8
8
8
8
8
8
61
18
6
8
8
8
8
8
8
8
13
8
8
8
8
8
8
8
8
6
6
29
8
8
8
8
8
8
8
8
9
8
8
8
8
6
8
8
8
8
8
8
8
8
5
8
8
8
8
8
8
14
8
8
11
8
8
8
8
11
54
8
22
8
12
8
8
18
18
8
8
8
52
8
8
8
8
8
8
5
8
8
8
8
8
8
8
8
8
8
8
8
8
8
8
8
8
8
8
8
8
8
8
8
8
8
8
8
8
8
8
8
8
8
8
8
8
8
8
8
12
8
8
8
3325
11
8
8
8
8
8
8
8
8
19
8
8
8
8
8
8
8
8
8
8
8
8
8
8
26
8
8
8
26
8
171
8
8
8
8
8
8
8
8
8
8
8
8
8
8
8
8
8
8
8
8
8
8
8
8
8
8
15
8
8
8
48
30
8
8
8
8
8
8
8
8
8
8
8
8
8
8
8
8
8
8
8
8
8
8
8
8
8
8
8
8
8
25
8
8
8
8
8
8
8
8
8
8
8
11
32
25
8
8
8
8
8
8
8
8
37
8
18
8
8
8
8
8
8
8
8
22
8
8
8
8
8
8
8
107
8
8
8
8
8
128
8
8
8
8
8
8
8
8
8
8
8
8
8
5
8
8
8
17
8
8
8
8
8
8
8
8
8
8
8
8
8
8
8
8
8
5
8
8
5
8
8
8
8
8
8
8
8
8
8
8
8
8
8
8
8
8
8
8
8
8
8
8
8
8
8
8
8
8
8
8
8
8
8
8
8
8
8
8
8
8
8
8
8
8
8
8
8
8
8
8
8
8
8
8
8
8
8
8
8
8
8
8
8
8
8
8
8
8
8
8
8
8
8
8
8
8
7
7
7
7
7
7
7
7
7
7
7
7
7
7
7
7
7
7
7
7
7
7
7
7
7
7
7
7
7
7
7
7
8
5
7
7
7
7
7
7
7
7
7
7
7
13
7
7
7
9
16
7
7
7
8
7
7
7
7
5315
7
7
7
7
7
7
7
7
7
7
384
7
276
5
66
7
7
7
7
7
48
7
7
7
7
7
7
7
7
7
14
7
7
7
7
41
7
7
7
7
7
7
7
7
7
7
7
7
15
7
7
55
7
7
172
7
7
7
7
7
7
7
7
7
7
7
7
7
7
507
96
29
7
7
7
7
7
7
7
7
7
7
7
1478
7
7
7
7
7
7
7
7
7
7
16
7
7
7
7
7
7
7
7
17
7
7
7
7
7
7
7
7
5
7
7
7
7
5
7
7
7
7
7
7
7
7
7
7
7
7
7
7
7
7
7
7
7
7
7
7
7
7
7
7
7
7
7
7
7
7
7
7
7
7
7
7
7
7
6
7
7
67
7
7
7
7
17
7
7
7
13
7
7
7
7
7
7
7
7
7
7
7
7
7
7
7
7
7
7
7
7
7
7
7
7
7
7
7
7
7
7
7
7
7
7
7
7
7
7
7
7
7
7
7
7
7
7
7
7
7
7
7
7
7
7
7
7
7
7
7
7
7
7
7
7
7
7
7
7
7
7
7
196
7
7
7
11
179
7
7
7
7
7
7
7
7
7
7
7
7
7
7
7
7
7
7
7
7
7
7
7
7
7
7
14
7
7
7
7
7
7
7
7
7
7
9
7
7
7
7
7
7
7
7
7
7
7
7
7
7
7
7
7
7
15
7
7
813
7
7
7
7
7
7
7
5
7
7
7
7
8
7
7
7
7
7
7
7
7
7
7
7
7
7
2317
7
7
7
110
7
7
7
7
7
7
7
7
61
7
7
7
7
7
7
7
7
7
7
7
17
7
7
7
7
7
7
7
7
17
7
7
7
7
65
7
7
7
7
7
7
7
7
7
7
7
7
7
7
7
7
7
7
7
7
7
7
7
7
5
786
7
7
7
7
7
7
7
7
7
7
7
7
7
7
7
7
7
7
7
7
7
7
7
7
7
7
7
7
7
7
7
7
7
7
7
7
7
587
7
7
7
7
7
7
15
7
7
7
51
7
7
7
7
7
7
7
15
7
7
7
7
7
7
256
7
7
7
7
7
7
7
7
7
7
3236
7
7
7
7
7
7
7
7
7
7
7
7
7
235
7
7
7
7
7
7
7
112
7
7
7
7
7
7
7
7
7
7
7
7
7
7
7
7
7
7
7
7
7
7
7
7
7
9
7
7
7
7
9
7
7
7
149
7
7
7
7
7
7
7
7
7
7
7
7
7
7
7
7
7
7
7
7
7
7
7
7
7
7
7
7
7
7
7
7
7
7
7
7
7
7
7
7
7
7
7
7
7
7
7
7
7
7
7
7
7
7
7
5
7
6
7
7
7
7
7
7
7
7
7
7
7
7
7
7
7
7
7
7
7
7
7
7
7
18
7
7
7
7
7
7
7
7
6
7
7
7
5
7
7
7
7
7
7
29
7
7
7
7
7
7
7
7
7
7
7
7
7
7
7
7
7
7
7
7
7430
36
7
7
7
7
7
7
7
7
7
7
7
6
7
7
7
16
7
7
7
7
7
7
7
7
7
7
7
7
7
7
7
7
7
7
7
7
8
7
7
7
7
7
7
7
7
21
3584
423
7
7
7
7
7
7
3159
7
7
197
7
7
6
7
7
7
7
7
7
7
7
7
7
7
730
1109
7
7
7
7
7
7
28
7
7
7
7
7
14
7
6
7
7
7
7
7
7
7
7
7
7
16
7
9
7
7
7
7
7
7
7
7
7
7
59
7
7
7
7
7
7
7
7
7
7
7
7
7
7
7
132
7
7
7
7
7
7
7
7
7
7
7
7
7
7
7
7
8
7
7
7
7
7
7
7
7
7
7
7
7
7
7
7
7
7
11
42
94
7
7
7
9
5
7
7
7
7
7
7
7
7
7
7
7
7
7
7
7
38
7
7
7
7
7
7
7
7
7
7
7
7
7
7
7
7
7
7
7
7
7
7
7
7
7
10
7
7
7
7
7
7
7
7
7
7
7
7
7
7
7
7
7
7
7
7
7
7
7
7
7
7
7
7
7
7
7
7
7
7
2085
7
28
7
7
7155
7
7
7
2629
7
7
7
7
7
7
7
7
7
7
7
7
7
7
7
7
7
7
7
7
7
7
7
7
7
7
7
6
7
7
7
7
7
7
7
7
7
6
7
7
7
7
7
7
7
7
7
7
7
8
7
7
7
7
7
7
7
7
7
7
7
7
7
7
7
6
6
6
6
6
6
6
6
6
6
6
6
6
6
6
6
6
6
6
6
6
6
6
5
6
14
6
6
6
6
6
6
6
6
6
6
6
6
6
6
6
6
6
6
6
6
6
6
6
451
6
6
6
6
6
4077
6
6
6
6
1062
6
6
6
6
6
6
6
6
6
6
37
6
6
6
6
111
6
49
6
6
6
6
6
6
6
6
6
415
6
6
6
6
6
6
6
6
6
5
6
6
6
6
6
11
19
6
6
6
6
6
6
6
6
6
6
6
6
6
6
6
6
6
6
6
6
6
6
118
40
11
6
3924
130
100
6
6
68
6
6
6
6
6
6
6
6
5
6
6
9
6
6
6
6
6
64
6
6
6
6
6
6
932
6
6
6
6
6
6
6
6
50
6
6
6
6
6
6
6
6
6
6
6
6
6
6
6
6
6
6
6
6
6
6
6
6
6
28
9
6
7
6
6
6
6
6
6
6
6
6
6
6
6
6
6
6
6
6
6
6
6
6
6
6
6
6
6
5127
6
6
6
6
6
6
6
6
6
6
9
6
7
6
6
6
6
6
6
6
6
6
9
6
6
6
85
6
6
6
24
6
6
6
6
5
6
6
6
6
6
6
6
6
81
6
6
10
6
6
6
6
6
70
6
6
6
6
6
6
6
6
7
6
6
6
6
6
6
6
6
6
6
6
6
6
6
6
6
6
6
6
6
6
6
6
6
6
6
6
6
6
6
6
11
6
6
6
6
6
6
6
6
6
6
6
6
6
6
6
6
6
6
6
6
6
6
6
6
6
6
6
6
6
6
6
6
6
6
6
6
6
6
6
6
6
7
6
6
6
6
6
6
64
6
6
6
6
6
6
6
6
6
6
6
6
6
6
6
6
6
6
5
6
6
6
6
6
6
5
6
6
6
6
6
13
6
6
6
6
6
6
6
6
6
6
6
6
43
6
6
6
6
5
110
33
6
6
6
6
6
6
6
6
6
6
6
6
6
6
1398
6
6
6
6
6
6
6
6
6
49
6
27
6
6
6
6
31
401
6
6
6
6
6
6
6
6
6
20
6
6
6
6
6
6
12
6
6
6
6
6
6
6
6
6
6
6
6
6
6
6
6
6
6
6
6
6
6
6
7
6
12
12
1602
6
6
6
6
2039
6
6
6
6
6
6
6
6
6
6
6
6
6
6
6
6
6
6
6
6
6
6
6
6
6
6
6
6
6
6
6
6
6
6
6
6
6
6
6
6
6
6
6
6
6
6
6
6
6
6
6
6
6
6
6
6
6
6
6
6
6
6
6
6
6
6
6
6
6
6
6
6
6
5
6
6
6
6
6
6
6
17
6
6
6
6
6
6
6
6
6
6
6
6
11
6
6
6
7
6
6
6
11
6
6
6
6
6
6
6
6
6
6
6
6
6
6
6
6
6
6
6
6
6
6
6
6
6
6
6
6
6
6
6
6
6
6
6
6
6
6
6
6
6
6
6
6
6
6
6
6
6
6
6
6
6
6
6
16
6
6
29
6
6
6
6
6
6
6
6
6
6
6
6
6
9
6
6
6
6
6
6
6
6
6
6
12
5
6
6
6
6
6
6
1685
6
6
6
6
6
6
6
6
20
5
6
602
6
6
6
6
6
6
6
6
6
6
6
6
6
6
6
6
6
6
6
6
6
6
6
6
6
6
169
6
6
6
6
6
6
6
6
6
6
6
6
6
6
5
6
6
6
6
6
6
1713
6
141
249
6
6
6
6
6
6
6
8
141
6
6
6
6
6
6
6
6
6
6
6
6
6
3654
6
6
6
6
6
428
6
6
6
6
6
6
6
6
6
6
6
6
6
6
6
6
6
33
6
6
6
6
6
137
6
6
6
6
6
6
6
37
6
6
6
6
6
6
6
6
6
651
6
6
6
5
6
6
6
19
6
6
6
6
6
6
6
6
6
6
6
6
6
6
6
6
6
6
6
6
6
6
89
6
6
6
6
6
6
6
6
6
6
6
6
6
6
6
12
6
6
6
6
6
6
6
13
6
6
6
6
6
6
6
6
6
32
6
6
6
6
6
6
6
6
6
6
6
6
6
6
6
6
6
6
6
6
6
6
6
6
6
6
6
6
6
6
6
6
6
6
6
6
6
6
6
11
6
6
6
3783
6
6
6
6
6
6
6
6
6
6
7
6
6
44
6
300
6
8
6
6
6
6
6
6
6
13
6
6
6
6
6
6
6
6
6
6
6
6
6
13
6
6
6
2670
6
6
6
6
6
6
6
6
6
15
6
6
6
6
6
6
6
6
6
6
6
6
6
6
6
6
6
6
6
6
6
6
6
6
6
6
6
6
6
6
6
6
6
5
6
5
6
6
6
6
6
6
6
6
6
6
6
11
6
6
6
6
6
6
6
6
6
6
76
6
6
27
6
6
20
6
6
6
6
18
6
6
6
6
6
6
6
6
6
6
6
6
6
6
6
6
6
6
6
6
6
6
6
6
6
6
6
6
6
54
6
6
6
6
6
6
6
6
14
6
11
8
6
6
6
24
6
6
6
6
6
6
6
6
6
6
6
6
6
6
6
6
6
6
6
6
6
6
6
6
6
6
6
6
6
6
6
6
6
6
6
6
6
6
6
6
6
6
6
6
6
6
6
6
6
6
6
9
6453
6
6
6
6
6
6
6
6
6
6
6
6
6
6
6
6
6
6
6
6
24
6
16
6
6
6
6
6
6
6
6
6
6
6
6
6
6
6
6
5
6
6
6
6
6
10
6
6
6
87
6
6
6
6
6
6
6
6
6
6
6
6
6
6
80
6
6
6
6
6
6
6
6
6
6
6
6
6
6
6
6
6
6
11
6
6
6
6
6
5
6
6
6
6
6
6
51
6
6
6
6
6
6
6
6
6
6
6
6
6
6
6
17
6
6
6
6
6
6
6
6
6
6
6
6
6
6
6
6
6
6
19
6
6
6
6
6
6
6
6
6
6
6
6
6
6
6
6
3895
6
6
6
6
6
21
6
6
6
6
6
6
6
6
6
6
6
6
6
6
6
6
6
6
6
7
6
6
6
13
6
6
6
6
6
6
6
6
6
6
6
6
6
6
6
6
6
6
6
6
6
6
6
6
29
6
6
6
6
6
6
6
6
6
6
6
6
6
6
6
6
6
6
46
6
6
6
6
6
6
6
5
5
5
5
5
5
5
5
5
5
5
5
5
5
5
5
5
5
5
5
5
5
5
5
5
5
5
5
5
5
1365
5
5
9
5
5
5
5
5
5
5
5
2080
8
5
346
5
5
5
24
5
5
5
5
5
5
5
5
5
5
5
5
5
5
5
5
5
5
5
5
5
5
5
5
5
13
5
5
5
5
5
8
5
5
5
5
101
5
5
5
5
5
5
5
5
5
4169
5
5
5
5
5
5
5
5
5
5
5
5
5
5
19
5
5
5
5
5
5
5
5
5
5
5
5
5
5
5
5
5
5
5
5
5
5
17
5
5
5
5
5
5
5
5
5
5
5
5
5
239
5
5
5
5
5
5
5
5
5
5
4956
5
5
5
5
5
22
5
5
5
5
5
5
5
5
5
5
5
5
5
18
5
5
5
5
9
5
5
5
5
5
5
1232
5
5
5
5
5
5
5
5
5
5
5
5
5
5
5
5
5
30
5
5
5
5
7
5
5
5
8
5
17
567
5
5
5
5
5
5
5
5
5
5
5
5
5
5
5
5
5
5
5
5
74
5
5
5
5
5
5
5
41
5
5
5
5
14
5
5
5
13
5
5
5
5
5
5
5
5
5
5
5
5
5
5
5
5
5
5
5
5
37
88
5
5
5
5
5
5
5
5
5
5
5
5
29
13
5
5
7
5
5
5
5
5
5
5
5
5
5
5
5
5
9
5
5
8
5
5
5
5
5
5
5
5
5
5
5
5
5
5
5
5
5
5
5
5
5
5
5
387
5
5
5
5
134
6
5
5
5
5
5
5
5
5
5
5
17
5
5
5
5
5
5
5
5
5
5
5
173
5
5
5
5
5
5
5
5
5
5
28
5
5
5
5
5
5
5
5
5
5
5
5
5
5
5
5
5
47
5
5
5
5
5
5
5
5
5
5
5
5
5
12
5
5
14
5
5
5
208
5
5
5
5
5
5
5
5
5
5
5
5
5
5
5
5
5
5
5
5
5
5
5
5
5
5
30
5
5
5
5
5
5
5
5
5
5
5
5
5
5
5
5
5
5
5
5
5
5
6
5
5
5
5
5
5
5
5
5
5
5
5
5
5
5
5
5
5
5
42
5
16
5
5
5
5
5
5
5
5
5
5
5
5
5
5
5
5
5
5
5
5
5
5
5
5
5
5
5
5
5
5
5
5
5
5
5
5
5
5
5
5
5
5
5
5
5
5
5
5
5
5
5
5
5
5
5
5
5
5
5
5
5
5
5
5
5
5
5
5
5
5
5
5
5
5
5
29
5
5
5
5
5
5
5
5
5
5
5
5
5
5
5
5
5
5
5
5
3386
5
5
5
5
5
5
5
5
5
5
5
5
5
5
5
5
5
5
5
5
5
5
5
5
5
5
5
5
5
5
5
5
5
5
5
5
5
5
5
5
5
5
5
5
5
5
5
5
5
5
5
5
5
5
5
5
5
5
5
5
5
5
5
5
5
5
5
5
5
5
5
5
5
5
5
5
5
5
5
5
5
5
1396
5
5
5
5
5
5
5
5
5
5
5
7
5
5
7
5
5
5
5
5
5
5
5
5
5
5
5
5
5
5
5
5
5
5
5
5
5
5
5
5
5
5
5
5
5
5
5
5
5
5
5
5
5
5
5
5
5
5
5
5
5
5
15
5
5
5
5
5
5
5
5
5
697
5
5
5
5
5
5
5
5
5
5
5
5
5
5
5
5
6
5
471
5
5
5
5
5
5
5
5
5
11
5
5
5
5
5
5
5
5
5
5
5
5
5
5
5
5
5
5
5
5
5
5
5
5
5
5
5
5
5
5
5
5
5
7
5
5
5
5
5
5
5
5
3024
5
5
5
5
5
5
5
5
5
5
5
5
5
5
5
5
5
5
5
5
5
5
5
5
5
5
5
68
5
5
5
5
5
5
5
5
5
5
5
5
5
5
5
5
5
5
5
5
5
5
5
5
5
5
5
5
5
5
5
5
5
5
5
5
5
5
5
5
5
5
5
5
5
5
5
5
5
5
5
5
5
11
5
5
5
5
5
5
5
5
5
5
5
5
5
5
5
5
5
5
5
5
322
5
5
5
5
5
5
5
5
5
5
16
5
5
5
5
5
5
5
5
5
5
5
5
5
5
5
5
5
5
5
5
5
5
5
5
5
5
5
5
5
5
5
5
23
5
5
61
5
5
5
5
5
5
5
5
267
5
5
5
5
5
5
5
5
9
5
5
5
5
5
5
7
5
5
5
5
5
5
5
5
5
5
5
5
5
5
5
5
5
5
5
5
5
5
30
5
5
5
5
5
5
6
5
203
5
5
5
8
8
5
5
5
5
5
5
5
5
5
5
5
5
5
5
5
5
5
5
5
3084
5
5
5
5
5
5
5
5
5
5
5
5
5
5
5
5
5
5
5
5
5
5
5
5
5
18
5
5
5
5
5
5
5
5
5
5
5
386
5
5
5
5
5
5
5
5
5
5
5
5
5
5
206
5
5
5
5
5
155
5
5
5
5
2124
5
5
5
5
5
5
5
5
5
5
5
5
5
5
5
5
6440
5
5
5
5
5
5
5
5
31
5
5
5
5
5
5
5
5
19
5
7017
6935
5
5
5
5
5
5
43
5
5
94
5
5
5
5
5
5
5
5
5
3220
5
7
5
5
5
5
5
5
5
5
5
5
5
5
5
5
5
5
5
5
5
5
5
5
5
5
5
5
5
5
5
5
5
5
5
5
12
5
5
5
5
5
5
5
5
2795
94
5
5
5
5
5
5
5
5
5
5
5
5
5
5
5
5
9
5
17
5
67
5
5
5
5
5
5
5
5
5
5
5
5
5
5
5
5
5
5
5
5
5
5
5
5
5
5
5
5
5
5
5
5
5
9
5
5
5
5
5
5
5
5
5
5
5
5
5
5
5
5
8
5
5
5
5
5
5
5
5
5
8
5
5
5
5
5
5
5
5
5
5
5
5
5
22
5
5
5
5
5
5
5
5
5
5
5
5
5
5
5
5
5
5
5
5
5
5
8
5
6
6
5
5
5
5
5
5
5
5
5
5
5
5
5
5
116
5
5
5
5
5
5
5
5
5
8
5
5
5
5
5
5
5
5
5
5
5
5
5
5
5
5
5
5
5
5
5
5
5
5
5
5
5
9
5
5
5
5
5
12
5
5
5
5
5
5
5
5
5
5
5
5
5
5
5
5
7
5
5
5
5
5
5
5
5
5
5
5
13
5
5
5
144
5
5
5
5
5
5
5
5
5
5
5
5
5
5
5
5
5
5
5
5
5
5
6
5
5
5
10
5
5
5
5
32
5
5
5
5
5
5
5
5
5
5
5
5
5
5
5
7
239
5
5
5
5
5
5
5
5
5
5
5
5
5
5
5
5
10
5
5
5
5
5
5
5
6
5
5
5
5
5
5
69
5
5
11
5
19
5
5
5
5
5
5
5
5
5
5
5
5
5
5
5
5
5
5
15
5
5
5
6
5
5
5
5
17
5
5
5
5
5
5
5
5
5
5
5
5
26
5
5
5
5
5
5
5
5
5
5
5
5
4635
5
5
18
5
5
5
5
5
5
5
5
5
5
5
5
5
5
5
5
5
5
5
4412
5
5
5
5
5
5
5
5
5
5
5
5
5
5
5
31
5
5
5
5
5
5
5
5
5
5
5
6
25
5
5
5
5
5
5
5
5
5
5
5
7
5
5
6
5
5
5
5
16
5
5
5
5
5
5
5
5
5
5
5
5
5
5
5
5
5
5
5
5
5
5
12
5
5
5
5
5
5
10
5
5
5
5
5
9
5
5
5
5
5
5
5
5
5
5
5
5
5
5
11
13
7
5
5
5
5
5
5
5
53
5
5
21
5
24
5
5
5
5
5
5
5
5
5
5
5
5
5
5
5
5
5
5
5
5
5
5
5
5
5
5
5
5
8
5
27
5
5
5
5
5
5
5
5
5
5
5
5
5
5
5
5
5
5
5
5
5
5
5
5
5
5
5
5
5
16
5
5
5
5
5
5
5
5
5
5
5
5
5
6
5
5
5
5
5
5
5
5
8
5
5
5
5
5
5
5
5
5
5
5
5
5
5
5
5
5
5
5
5
5
5
5
5
5
5
107
5
5
5
5
5
5
5
5
5
5
5
5
264
5
5
5
5
5
5
5
5
5
5
5
5
5
5
10
5
5
5
5
5
5
5
5
5
5
5
5
5
5
5
5
5
5
5
5
5
5
5
5
5
5
5
5
5
5
5
5
5
5
5
5
5
5
5
5
5
5
12
5
5
5
5
5
55
5
5
27
5
5
5
5
5
5
5
5
5
5
5
5
5
5
5
5
5
5
5
5
5
5
5
5
5
5
5
Client terminated cleanly.
